#                                                                            --- full sequence --- -------------- this domain -------------   hmm coord   ali coord   env coord
# target name        accession   tlen query name           accession   qlen   E-value  score  bias   #  of  c-Evalue  i-Evalue  score  bias  from    to  from    to  from    to  acc description of target
#------------------- ---------- ----- -------------------- ---------- ----- --------- ------ ----- --- --- --------- --------- ------ ----- ----- ----- ----- ----- ----- ----- ---- ---------------------
boryong_09990        -            651 Ank                  PF00023.34    33   6.4e-81  273.0  35.1   1  14       1.8   3.2e+06    0.8   0.0     9    29     8    28     5    32 0.78 -
boryong_09990        -            651 Ank                  PF00023.34    33   6.4e-81  273.0  35.1   2  14   7.9e-07       1.4   20.8   0.0     2    33    35    66    34    66 0.95 -
boryong_09990        -            651 Ank                  PF00023.34    33   6.4e-81  273.0  35.1   3  14   2.1e-08     0.038   25.7   0.0     1    32    67    99    67   100 0.93 -
boryong_09990        -            651 Ank                  PF00023.34    33   6.4e-81  273.0  35.1   4  14   1.5e-07      0.27   23.1   0.0     2    32   102   133   101   134 0.91 -
boryong_09990        -            651 Ank                  PF00023.34    33   6.4e-81  273.0  35.1   5  14     3e-08     0.053   25.3   0.1     2    32   136   166   135   167 0.91 -
boryong_09990        -            651 Ank                  PF00023.34    33   6.4e-81  273.0  35.1   6  14   7.1e-08      0.12   24.1   0.0     3    31   170   198   168   200 0.90 -
boryong_09990        -            651 Ank                  PF00023.34    33   6.4e-81  273.0  35.1   7  14   2.9e-07       0.5   22.2   0.0     1    33   201   234   201   234 0.89 -
boryong_09990        -            651 Ank                  PF00023.34    33   6.4e-81  273.0  35.1   8  14   1.6e-09    0.0028   29.3   0.1     1    33   235   267   235   267 0.95 -
boryong_09990        -            651 Ank                  PF00023.34    33   6.4e-81  273.0  35.1   9  14   4.3e-07      0.75   21.7   0.0     1    32   268   299   268   300 0.94 -
boryong_09990        -            651 Ank                  PF00023.34    33   6.4e-81  273.0  35.1  10  14     4e-07       0.7   21.8   0.1     1    33   301   334   301   334 0.94 -
boryong_09990        -            651 Ank                  PF00023.34    33   6.4e-81  273.0  35.1  11  14     2e-07      0.35   22.7   0.1     1    33   335   367   335   367 0.95 -
boryong_09990        -            651 Ank                  PF00023.34    33   6.4e-81  273.0  35.1  12  14     9e-10    0.0016   30.1   0.1     1    33   368   400   368   400 0.94 -
boryong_09990        -            651 Ank                  PF00023.34    33   6.4e-81  273.0  35.1  13  14   0.00011   1.9e+02   14.1   0.6     1    29   401   429   401   432 0.90 -
boryong_09990        -            651 Ank                  PF00023.34    33   6.4e-81  273.0  35.1  14  14     0.069   1.2e+05    5.3   0.0     3    23   432   454   431   464 0.81 -
boryong_08780        -            546 Ank                  PF00023.34    33   1.6e-48  171.3  22.1   1   8   2.3e-08      0.04   25.7   0.1     1    33    54    86    54    86 0.94 -
boryong_08780        -            546 Ank                  PF00023.34    33   1.6e-48  171.3  22.1   2   8     2e-09    0.0035   29.0   0.2     2    32    88   116    87   120 0.81 -
boryong_08780        -            546 Ank                  PF00023.34    33   1.6e-48  171.3  22.1   3   8   4.2e-06       7.5   18.5   0.1     1    32   121   153   121   154 0.84 -
boryong_08780        -            546 Ank                  PF00023.34    33   1.6e-48  171.3  22.1   4   8   3.5e-08     0.062   25.1   0.1     2    30   156   185   155   188 0.79 -
boryong_08780        -            546 Ank                  PF00023.34    33   1.6e-48  171.3  22.1   5   8   3.7e-07      0.64   21.9   0.0     1    32   189   221   189   222 0.84 -
boryong_08780        -            546 Ank                  PF00023.34    33   1.6e-48  171.3  22.1   6   8   1.6e-08     0.028   26.2   0.1     2    32   224   252   223   256 0.80 -
boryong_08780        -            546 Ank                  PF00023.34    33   1.6e-48  171.3  22.1   7   8   5.1e-06         9   18.3   0.1     1    31   257   288   257   290 0.83 -
boryong_08780        -            546 Ank                  PF00023.34    33   1.6e-48  171.3  22.1   8   8   1.6e-05        29   16.7   0.1     2    26   292   316   291   323 0.83 -
boryong_06550        -            495 Ank                  PF00023.34    33   3.9e-48  170.1  25.2   1   9      0.22   3.8e+05    3.7   0.0     3    27     2    24     1    30 0.79 -
boryong_06550        -            495 Ank                  PF00023.34    33   3.9e-48  170.1  25.2   2   9   2.1e-06       3.7   19.5   0.0     3    33    37    67    35    67 0.93 -
boryong_06550        -            495 Ank                  PF00023.34    33   3.9e-48  170.1  25.2   3   9   5.4e-07      0.95   21.3   0.2     1    33    68   101    68   101 0.90 -
boryong_06550        -            495 Ank                  PF00023.34    33   3.9e-48  170.1  25.2   4   9   7.6e-07       1.3   20.9   0.0     1    33   102   147   102   147 0.79 -
boryong_06550        -            495 Ank                  PF00023.34    33   3.9e-48  170.1  25.2   5   9     3e-11   5.2e-05   34.7   1.7     1    33   148   181   148   181 0.96 -
boryong_06550        -            495 Ank                  PF00023.34    33   3.9e-48  170.1  25.2   6   9   1.2e-07      0.22   23.4   0.2     2    31   183   212   182   214 0.93 -
boryong_06550        -            495 Ank                  PF00023.34    33   3.9e-48  170.1  25.2   7   9   2.3e-09     0.004   28.8   0.5     1    33   215   250   215   250 0.93 -
boryong_06550        -            495 Ank                  PF00023.34    33   3.9e-48  170.1  25.2   8   9   6.1e-09     0.011   27.4   0.3     1    32   251   284   251   285 0.94 -
boryong_06550        -            495 Ank                  PF00023.34    33   3.9e-48  170.1  25.2   9   9         8   1.4e+07   -1.2   0.0     2    10   287   295   286   302 0.77 -
boryong_12405        -            508 Ank                  PF00023.34    33   7.8e-44  156.6  32.3   1   9     0.086   1.5e+05    5.0   0.4     6    32    37    64    37    65 0.81 -
boryong_12405        -            508 Ank                  PF00023.34    33   7.8e-44  156.6  32.3   2   9     1e-11   1.8e-05   36.2   0.1     1    32    66    98    66    99 0.91 -
boryong_12405        -            508 Ank                  PF00023.34    33   7.8e-44  156.6  32.3   3   9   1.3e-08     0.023   26.4   0.1     4    23   104   123   102   134 0.82 -
boryong_12405        -            508 Ank                  PF00023.34    33   7.8e-44  156.6  32.3   4   9     8e-07       1.4   20.8   0.1     1    25   135   157   135   164 0.85 -
boryong_12405        -            508 Ank                  PF00023.34    33   7.8e-44  156.6  32.3   5   9   2.7e-05        48   16.0   0.2     2    30   166   194   165   199 0.88 -
boryong_12405        -            508 Ank                  PF00023.34    33   7.8e-44  156.6  32.3   6   9     0.002   3.5e+03   10.1   0.1     1    32   200   235   200   236 0.85 -
boryong_12405        -            508 Ank                  PF00023.34    33   7.8e-44  156.6  32.3   7   9   8.4e-09     0.015   27.0   0.3     2    33   238   270   237   270 0.91 -
boryong_12405        -            508 Ank                  PF00023.34    33   7.8e-44  156.6  32.3   8   9   3.7e-09    0.0066   28.1   0.1     1    33   271   303   271   303 0.93 -
boryong_12405        -            508 Ank                  PF00023.34    33   7.8e-44  156.6  32.3   9   9      0.11   1.9e+05    4.7   0.0     3    23   306   327   304   335 0.84 -
boryong_00470        -            751 Ank                  PF00023.34    33   7.3e-34  125.3  23.0   1  15    0.0097   1.7e+04    8.0   0.0     2    30    68   100    67   103 0.83 -
boryong_00470        -            751 Ank                  PF00023.34    33   7.3e-34  125.3  23.0   2  15      0.29   5.1e+05    3.4   0.1     3    33   107   141   106   141 0.70 -
boryong_00470        -            751 Ank                  PF00023.34    33   7.3e-34  125.3  23.0   3  15   9.5e-06        17   17.4   0.6     1    33   142   174   142   174 0.87 -
boryong_00470        -            751 Ank                  PF00023.34    33   7.3e-34  125.3  23.0   4  15      0.22   3.9e+05    3.7   0.0    14    28   185   199   179   202 0.84 -
boryong_00470        -            751 Ank                  PF00023.34    33   7.3e-34  125.3  23.0   5  15    0.0015   2.7e+03   10.5   0.1     3    29   209   235   207   239 0.81 -
boryong_00470        -            751 Ank                  PF00023.34    33   7.3e-34  125.3  23.0   6  15      0.15   2.6e+05    4.3   0.0     5    23   282   301   279   313 0.70 -
boryong_00470        -            751 Ank                  PF00023.34    33   7.3e-34  125.3  23.0   7  15       5.2   9.1e+06   -0.6   0.0    17    31   345   359   340   361 0.80 -
boryong_00470        -            751 Ank                  PF00023.34    33   7.3e-34  125.3  23.0   8  15      0.17     3e+05    4.1   0.0     8    30   369   391   365   394 0.81 -
boryong_00470        -            751 Ank                  PF00023.34    33   7.3e-34  125.3  23.0   9  15    0.0066   1.2e+04    8.5   0.1     6    32   428   455   427   456 0.91 -
boryong_00470        -            751 Ank                  PF00023.34    33   7.3e-34  125.3  23.0  10  15    0.0037   6.5e+03    9.3   0.0     8    33   464   490   459   490 0.85 -
boryong_00470        -            751 Ank                  PF00023.34    33   7.3e-34  125.3  23.0  11  15    0.0015   2.6e+03   10.5   0.0     1    32   491   530   491   531 0.75 -
boryong_00470        -            751 Ank                  PF00023.34    33   7.3e-34  125.3  23.0  12  15   7.2e-07       1.3   21.0   0.0     2    30   533   562   532   564 0.90 -
boryong_00470        -            751 Ank                  PF00023.34    33   7.3e-34  125.3  23.0  13  15   2.2e-05        38   16.3   0.1     3    32   601   630   599   631 0.83 -
boryong_00470        -            751 Ank                  PF00023.34    33   7.3e-34  125.3  23.0  14  15       2.1   3.7e+06    0.6   0.0     2    23   633   654   633   664 0.73 -
boryong_00470        -            751 Ank                  PF00023.34    33   7.3e-34  125.3  23.0  15  15     0.023     4e+04    6.8   0.0     1    23   666   685   666   695 0.77 -
boryong_06905        -            343 Ank                  PF00023.34    33   1.7e-33  124.1  15.1   1   7   1.2e-08     0.021   26.5   0.4     2    33    42    73    41    73 0.93 -
boryong_06905        -            343 Ank                  PF00023.34    33   1.7e-33  124.1  15.1   2   7   1.5e-10   0.00027   32.5   0.2     2    33    75   106    74   106 0.93 -
boryong_06905        -            343 Ank                  PF00023.34    33   1.7e-33  124.1  15.1   3   7    0.0013   2.3e+03   10.7   0.0     3    32   109   147   107   148 0.71 -
boryong_06905        -            343 Ank                  PF00023.34    33   1.7e-33  124.1  15.1   4   7   2.4e-06       4.2   19.3   0.0     2    33   150   183   149   183 0.93 -
boryong_06905        -            343 Ank                  PF00023.34    33   1.7e-33  124.1  15.1   5   7      0.96   1.7e+06    1.7   0.0     2    18   185   203   184   211 0.65 -
boryong_06905        -            343 Ank                  PF00023.34    33   1.7e-33  124.1  15.1   6   7    0.0018   3.1e+03   10.3   0.0    16    33   219   236   214   236 0.84 -
boryong_06905        -            343 Ank                  PF00023.34    33   1.7e-33  124.1  15.1   7   7   9.9e-09     0.017   26.8   0.0     1    33   237   271   237   271 0.89 -
boryong_06120        -            290 Ank                  PF00023.34    33   3.8e-33  123.0  22.5   1   8     0.013   2.2e+04    7.6   0.0     5    25     9    29     7    38 0.78 -
boryong_06120        -            290 Ank                  PF00023.34    33   3.8e-33  123.0  22.5   2   8   5.3e-09    0.0093   27.6   0.3     1    33    39    71    39    71 0.96 -
boryong_06120        -            290 Ank                  PF00023.34    33   3.8e-33  123.0  22.5   3   8     0.023     4e+04    6.8   0.1     2    12    73    83    72    91 0.86 -
boryong_06120        -            290 Ank                  PF00023.34    33   3.8e-33  123.0  22.5   4   8    0.0015   2.6e+03   10.6   0.2    16    33   120   137   109   137 0.86 -
boryong_06120        -            290 Ank                  PF00023.34    33   3.8e-33  123.0  22.5   5   8   3.9e-09    0.0068   28.1   0.2     3    32   140   171   139   172 0.93 -
boryong_06120        -            290 Ank                  PF00023.34    33   3.8e-33  123.0  22.5   6   8   0.00049   8.6e+02   12.1   0.5     1    33   173   218   173   218 0.69 -
boryong_06120        -            290 Ank                  PF00023.34    33   3.8e-33  123.0  22.5   7   8    0.0044   7.7e+03    9.1   0.0     1    30   219   249   219   252 0.85 -
boryong_06120        -            290 Ank                  PF00023.34    33   3.8e-33  123.0  22.5   8   8     9e-10    0.0016   30.1   0.0     2    33   254   285   253   285 0.94 -
boryong_11195        -            314 Ank                  PF00023.34    33   2.4e-32  120.5  24.0   1   7     0.014   2.5e+04    7.5   0.0     5    25     9    29     7    38 0.78 -
boryong_11195        -            314 Ank                  PF00023.34    33   2.4e-32  120.5  24.0   2   7     6e-08      0.11   24.3   0.2     4    33    42    71    39    71 0.94 -
boryong_11195        -            314 Ank                  PF00023.34    33   2.4e-32  120.5  24.0   3   7     0.032   5.6e+04    6.4   5.5     2    33    73   137    72   137 0.64 -
boryong_11195        -            314 Ank                  PF00023.34    33   2.4e-32  120.5  24.0   4   7   4.3e-09    0.0076   27.9   0.2     3    32   140   171   139   172 0.93 -
boryong_11195        -            314 Ank                  PF00023.34    33   2.4e-32  120.5  24.0   5   7   2.6e-05        45   16.1   0.3     1    33   173   218   173   218 0.89 -
boryong_11195        -            314 Ank                  PF00023.34    33   2.4e-32  120.5  24.0   6   7   0.00092   1.6e+03   11.2   0.0     1    30   219   249   219   252 0.86 -
boryong_11195        -            314 Ank                  PF00023.34    33   2.4e-32  120.5  24.0   7   7     1e-09    0.0018   29.9   0.0     2    33   254   285   253   285 0.94 -
boryong_05525        -            291 Ank                  PF00023.34    33   1.2e-29  112.1   6.6   1   7      0.37   6.5e+05    3.0   0.0    18    33    26    42    16    42 0.83 -
boryong_05525        -            291 Ank                  PF00023.34    33   1.2e-29  112.1   6.6   2   7     4e-10   0.00071   31.2   0.1     1    32    43    74    43    75 0.94 -
boryong_05525        -            291 Ank                  PF00023.34    33   1.2e-29  112.1   6.6   3   7   1.4e-08     0.024   26.3   0.0     2    32    77   107    76   108 0.91 -
boryong_05525        -            291 Ank                  PF00023.34    33   1.2e-29  112.1   6.6   4   7   2.7e-07      0.47   22.3   0.0     2    32   110   142   109   143 0.85 -
boryong_05525        -            291 Ank                  PF00023.34    33   1.2e-29  112.1   6.6   5   7      0.66   1.2e+06    2.2   0.0     1    12   144   156   144   163 0.75 -
boryong_05525        -            291 Ank                  PF00023.34    33   1.2e-29  112.1   6.6   6   7     0.014   2.5e+04    7.4   0.0     7    33   165   195   164   195 0.76 -
boryong_05525        -            291 Ank                  PF00023.34    33   1.2e-29  112.1   6.6   7   7   1.9e-05        34   16.5   0.0     2    25   197   220   196   228 0.84 -
boryong_05395        -            393 Ank                  PF00023.34    33   3.9e-29  110.5  23.3   1   8       1.5   2.6e+06    1.1   0.6     6    23    10    28     6    38 0.77 -
boryong_05395        -            393 Ank                  PF00023.34    33   3.9e-29  110.5  23.3   2   8   1.4e-06       2.4   20.1   0.3     5    32    54    81    51    82 0.92 -
boryong_05395        -            393 Ank                  PF00023.34    33   3.9e-29  110.5  23.3   3   8   3.7e-09    0.0065   28.1   0.3     1    33    83   116    83   116 0.89 -
boryong_05395        -            393 Ank                  PF00023.34    33   3.9e-29  110.5  23.3   4   8   2.3e-05        41   16.2   0.0     2    31   118   149   117   151 0.91 -
boryong_05395        -            393 Ank                  PF00023.34    33   3.9e-29  110.5  23.3   5   8   3.9e-08     0.069   24.9   0.1     1    33   152   184   152   184 0.91 -
boryong_05395        -            393 Ank                  PF00023.34    33   3.9e-29  110.5  23.3   6   8   3.1e-06       5.5   18.9   0.0     2    33   186   218   185   218 0.83 -
boryong_05395        -            393 Ank                  PF00023.34    33   3.9e-29  110.5  23.3   7   8    0.0081   1.4e+04    8.2   0.0     1    15   219   232   219   238 0.81 -
boryong_05395        -            393 Ank                  PF00023.34    33   3.9e-29  110.5  23.3   8   8      0.31   5.5e+05    3.2   0.1     1    21   284   306   284   310 0.82 -
boryong_06640        -            448 Ank                  PF00023.34    33   1.4e-28  108.7  38.7   1  10     0.057     1e+05    5.6   0.1     6    30    10    34    10    37 0.75 -
boryong_06640        -            448 Ank                  PF00023.34    33   1.4e-28  108.7  38.7   2  10   3.7e-08     0.064   25.0   0.1     4    31    49    76    49    78 0.93 -
boryong_06640        -            448 Ank                  PF00023.34    33   1.4e-28  108.7  38.7   3  10   1.5e-07      0.27   23.0   0.4     1    32    79   111    79   112 0.90 -
boryong_06640        -            448 Ank                  PF00023.34    33   1.4e-28  108.7  38.7   4  10   0.00089   1.6e+03   11.2   0.6     1    33   113   146   113   146 0.81 -
boryong_06640        -            448 Ank                  PF00023.34    33   1.4e-28  108.7  38.7   5  10   2.7e-09    0.0047   28.6   0.2     1    32   147   178   147   179 0.93 -
boryong_06640        -            448 Ank                  PF00023.34    33   1.4e-28  108.7  38.7   6  10    0.0048   8.5e+03    8.9   0.0     3    32   180   212   178   213 0.72 -
boryong_06640        -            448 Ank                  PF00023.34    33   1.4e-28  108.7  38.7   7  10     0.011   1.9e+04    7.8   0.1     1    12   214   225   214   230 0.83 -
boryong_06640        -            448 Ank                  PF00023.34    33   1.4e-28  108.7  38.7   8  10    0.0021   3.8e+03   10.0   0.2    15    33   257   275   246   275 0.82 -
boryong_06640        -            448 Ank                  PF00023.34    33   1.4e-28  108.7  38.7   9  10     0.014   2.4e+04    7.5   0.1     3    22   278   299   276   305 0.85 -
boryong_06640        -            448 Ank                  PF00023.34    33   1.4e-28  108.7  38.7  10  10      0.39   6.8e+05    3.0   0.0     1    21   330   352   330   356 0.82 -
boryong_11270        -            448 Ank                  PF00023.34    33   1.4e-28  108.7  38.7   1  10     0.057     1e+05    5.6   0.1     6    30    10    34    10    37 0.75 -
boryong_11270        -            448 Ank                  PF00023.34    33   1.4e-28  108.7  38.7   2  10   3.7e-08     0.064   25.0   0.1     4    31    49    76    49    78 0.93 -
boryong_11270        -            448 Ank                  PF00023.34    33   1.4e-28  108.7  38.7   3  10   1.5e-07      0.27   23.0   0.4     1    32    79   111    79   112 0.90 -
boryong_11270        -            448 Ank                  PF00023.34    33   1.4e-28  108.7  38.7   4  10   0.00089   1.6e+03   11.2   0.6     1    33   113   146   113   146 0.81 -
boryong_11270        -            448 Ank                  PF00023.34    33   1.4e-28  108.7  38.7   5  10   2.7e-09    0.0047   28.6   0.2     1    32   147   178   147   179 0.93 -
boryong_11270        -            448 Ank                  PF00023.34    33   1.4e-28  108.7  38.7   6  10    0.0048   8.5e+03    8.9   0.0     3    32   180   212   178   213 0.72 -
boryong_11270        -            448 Ank                  PF00023.34    33   1.4e-28  108.7  38.7   7  10     0.011   1.9e+04    7.8   0.1     1    12   214   225   214   230 0.83 -
boryong_11270        -            448 Ank                  PF00023.34    33   1.4e-28  108.7  38.7   8  10    0.0021   3.8e+03   10.0   0.2    15    33   257   275   246   275 0.82 -
boryong_11270        -            448 Ank                  PF00023.34    33   1.4e-28  108.7  38.7   9  10     0.014   2.4e+04    7.5   0.1     3    22   278   299   276   305 0.85 -
boryong_11270        -            448 Ank                  PF00023.34    33   1.4e-28  108.7  38.7  10  10      0.39   6.8e+05    3.0   0.0     1    21   330   352   330   356 0.82 -
boryong_03945        -            344 Ank                  PF00023.34    33   4.5e-27  104.0  10.2   1   4   1.6e-05        28   16.7   0.0     3    32     3    32     1    35 0.85 -
boryong_03945        -            344 Ank                  PF00023.34    33   4.5e-27  104.0  10.2   2   4   2.7e-10   0.00047   31.7   0.4     2    33    39    70    38    70 0.94 -
boryong_03945        -            344 Ank                  PF00023.34    33   4.5e-27  104.0  10.2   3   4   6.7e-10    0.0012   30.5   0.0     1    32    71   102    71   103 0.95 -
boryong_03945        -            344 Ank                  PF00023.34    33   4.5e-27  104.0  10.2   4   4   4.5e-09     0.008   27.9   0.1     3    32   106   136   104   137 0.88 -
boryong_03470        -            214 Ank                  PF00023.34    33     9e-27  103.0   9.3   1   6     0.073   1.3e+05    5.2   0.0     6    25    11    30    10    39 0.78 -
boryong_03470        -            214 Ank                  PF00023.34    33     9e-27  103.0   9.3   2   6   4.1e-09    0.0072   28.0   0.2     1    33    40    72    40    72 0.96 -
boryong_03470        -            214 Ank                  PF00023.34    33     9e-27  103.0   9.3   3   6    0.0009   1.6e+03   11.2   2.3     1    33    73   118    73   118 0.73 -
boryong_03470        -            214 Ank                  PF00023.34    33     9e-27  103.0   9.3   4   6    0.0017     3e+03   10.4   0.0     1    30   119   149   119   152 0.85 -
boryong_03470        -            214 Ank                  PF00023.34    33     9e-27  103.0   9.3   5   6   9.1e-11   0.00016   33.2   0.0     1    33   153   185   153   185 0.95 -
boryong_03470        -            214 Ank                  PF00023.34    33     9e-27  103.0   9.3   6   6   0.00047   8.3e+02   12.1   0.0     1    22   186   207   186   212 0.91 -
boryong_00400        -            423 Ank                  PF00023.34    33   9.4e-27  103.0  14.1   1   7   1.7e-07      0.31   22.9   0.1     4    33    53    82    51    82 0.94 -
boryong_00400        -            423 Ank                  PF00023.34    33   9.4e-27  103.0  14.1   2   7   4.4e-09    0.0077   27.9   0.0     2    31    84   113    83   115 0.89 -
boryong_00400        -            423 Ank                  PF00023.34    33   9.4e-27  103.0  14.1   3   7      0.03   5.2e+04    6.5   0.0     4    32   120   151   117   152 0.74 -
boryong_00400        -            423 Ank                  PF00023.34    33   9.4e-27  103.0  14.1   4   7   1.8e-08     0.032   26.0   0.1     1    30   153   182   153   185 0.88 -
boryong_00400        -            423 Ank                  PF00023.34    33   9.4e-27  103.0  14.1   5   7   3.8e-05        67   15.5   0.0     2    33   187   219   186   219 0.81 -
boryong_00400        -            423 Ank                  PF00023.34    33   9.4e-27  103.0  14.1   6   7     0.024   4.2e+04    6.8   0.0     1    11   220   231   220   237 0.83 -
boryong_00400        -            423 Ank                  PF00023.34    33   9.4e-27  103.0  14.1   7   7       4.8   8.4e+06   -0.5   0.0     1    10   285   294   285   316 0.55 -
boryong_01305        -            328 Ank                  PF00023.34    33   1.1e-25   99.6   8.9   1   5   2.2e-07      0.39   22.5   0.0     7    32     2    27     1    28 0.91 -
boryong_01305        -            328 Ank                  PF00023.34    33   1.1e-25   99.6   8.9   2   5   4.6e-11   8.2e-05   34.1   0.0     2    32    30    60    29    61 0.95 -
boryong_01305        -            328 Ank                  PF00023.34    33   1.1e-25   99.6   8.9   3   5   4.2e-05        73   15.4   0.3     5    30    66    90    62    93 0.87 -
boryong_01305        -            328 Ank                  PF00023.34    33   1.1e-25   99.6   8.9   4   5   1.9e-07      0.34   22.8   0.2     4    32    97   125    95   126 0.92 -
boryong_01305        -            328 Ank                  PF00023.34    33   1.1e-25   99.6   8.9   5   5     0.068   1.2e+05    5.3   0.0     3    22   129   150   127   158 0.86 -
boryong_02570        -            390 Ank                  PF00023.34    33   4.3e-25   97.7  10.9   1   5    0.0094   1.7e+04    8.0   0.1     6    32     6    33     6    34 0.91 -
boryong_02570        -            390 Ank                  PF00023.34    33   4.3e-25   97.7  10.9   2   5   4.9e-10   0.00087   30.9   0.0     2    27    36    61    35    66 0.89 -
boryong_02570        -            390 Ank                  PF00023.34    33   4.3e-25   97.7  10.9   3   5   1.9e-06       3.4   19.6   0.6     3    25    70    92    69   103 0.83 -
boryong_02570        -            390 Ank                  PF00023.34    33   4.3e-25   97.7  10.9   4   5   2.6e-07      0.46   22.3   0.0     3    32   113   142   111   143 0.88 -
boryong_02570        -            390 Ank                  PF00023.34    33   4.3e-25   97.7  10.9   5   5   1.5e-06       2.6   20.0   0.1     3    32   146   175   144   176 0.89 -
boryong_05290        -            390 Ank                  PF00023.34    33   4.3e-25   97.7  10.9   1   5    0.0094   1.7e+04    8.0   0.1     6    32     6    33     6    34 0.91 -
boryong_05290        -            390 Ank                  PF00023.34    33   4.3e-25   97.7  10.9   2   5   4.9e-10   0.00087   30.9   0.0     2    27    36    61    35    66 0.89 -
boryong_05290        -            390 Ank                  PF00023.34    33   4.3e-25   97.7  10.9   3   5   1.9e-06       3.4   19.6   0.6     3    25    70    92    69   103 0.83 -
boryong_05290        -            390 Ank                  PF00023.34    33   4.3e-25   97.7  10.9   4   5   2.6e-07      0.46   22.3   0.0     3    32   113   142   111   143 0.88 -
boryong_05290        -            390 Ank                  PF00023.34    33   4.3e-25   97.7  10.9   5   5   1.5e-06       2.6   20.0   0.1     3    32   146   175   144   176 0.89 -
boryong_09575        -            390 Ank                  PF00023.34    33   4.3e-25   97.7  10.9   1   5    0.0094   1.7e+04    8.0   0.1     6    32     6    33     6    34 0.91 -
boryong_09575        -            390 Ank                  PF00023.34    33   4.3e-25   97.7  10.9   2   5   4.9e-10   0.00087   30.9   0.0     2    27    36    61    35    66 0.89 -
boryong_09575        -            390 Ank                  PF00023.34    33   4.3e-25   97.7  10.9   3   5   1.9e-06       3.4   19.6   0.6     3    25    70    92    69   103 0.83 -
boryong_09575        -            390 Ank                  PF00023.34    33   4.3e-25   97.7  10.9   4   5   2.6e-07      0.46   22.3   0.0     3    32   113   142   111   143 0.88 -
boryong_09575        -            390 Ank                  PF00023.34    33   4.3e-25   97.7  10.9   5   5   1.5e-06       2.6   20.0   0.1     3    32   146   175   144   176 0.89 -
boryong_02655        -            214 Ank                  PF00023.34    33   1.8e-23   92.7  10.0   1   6       2.1   3.7e+06    0.7   0.0     6    24    11    29    10    38 0.75 -
boryong_02655        -            214 Ank                  PF00023.34    33   1.8e-23   92.7  10.0   2   6   2.8e-09    0.0048   28.5   0.3     1    33    40    72    40    72 0.96 -
boryong_02655        -            214 Ank                  PF00023.34    33   1.8e-23   92.7  10.0   3   6   0.00079   1.4e+03   11.4   2.3     1    33    73   118    73   118 0.71 -
boryong_02655        -            214 Ank                  PF00023.34    33   1.8e-23   92.7  10.0   4   6     0.013   2.3e+04    7.6   0.0     1    30   119   149   119   152 0.80 -
boryong_02655        -            214 Ank                  PF00023.34    33   1.8e-23   92.7  10.0   5   6   1.1e-09     0.002   29.7   0.0     2    33   154   185   153   185 0.93 -
boryong_02655        -            214 Ank                  PF00023.34    33   1.8e-23   92.7  10.0   6   6   0.00047   8.3e+02   12.1   0.0     1    22   186   207   186   212 0.91 -
boryong_09980        -            214 Ank                  PF00023.34    33   4.2e-23   91.5  10.8   1   6       2.1   3.7e+06    0.7   0.0     6    24    11    29    10    38 0.75 -
boryong_09980        -            214 Ank                  PF00023.34    33   4.2e-23   91.5  10.8   2   6   2.8e-09    0.0048   28.5   0.3     1    33    40    72    40    72 0.96 -
boryong_09980        -            214 Ank                  PF00023.34    33   4.2e-23   91.5  10.8   3   6   0.00079   1.4e+03   11.4   2.3     1    33    73   118    73   118 0.71 -
boryong_09980        -            214 Ank                  PF00023.34    33   4.2e-23   91.5  10.8   4   6     0.013   2.3e+04    7.6   0.0     1    30   119   149   119   152 0.80 -
boryong_09980        -            214 Ank                  PF00023.34    33   4.2e-23   91.5  10.8   5   6   1.1e-09     0.002   29.7   0.0     2    33   154   185   153   185 0.93 -
boryong_09980        -            214 Ank                  PF00023.34    33   4.2e-23   91.5  10.8   6   6   0.00066   1.2e+03   11.7   0.0     1    21   186   206   186   209 0.93 -
boryong_02720        -            325 Ank                  PF00023.34    33   7.4e-20   81.3  10.4   1   4    0.0012     2e+03   10.9   0.0     8    32    31    54    27    55 0.87 -
boryong_02720        -            325 Ank                  PF00023.34    33   7.4e-20   81.3  10.4   2   4   3.8e-11   6.6e-05   34.4   0.3     2    32    57    87    56    88 0.94 -
boryong_02720        -            325 Ank                  PF00023.34    33   7.4e-20   81.3  10.4   3   4   5.5e-12   9.7e-06   37.0   0.5     1    30    89   118    89   120 0.94 -
boryong_02720        -            325 Ank                  PF00023.34    33   7.4e-20   81.3  10.4   4   4      0.64   1.1e+06    2.3   0.0    13    26   140   153   122   158 0.60 -
boryong_07125        -            185 Ank                  PF00023.34    33   5.9e-18   75.3  21.7   1   5    0.0041   7.2e+03    9.2   0.0     4    24    10    30     7    39 0.80 -
boryong_07125        -            185 Ank                  PF00023.34    33   5.9e-18   75.3  21.7   2   5   3.5e-09    0.0062   28.2   0.2     1    33    41    73    41    73 0.96 -
boryong_07125        -            185 Ank                  PF00023.34    33   5.9e-18   75.3  21.7   3   5     0.013   2.2e+04    7.6   5.5     2    33    75   139    74   139 0.66 -
boryong_07125        -            185 Ank                  PF00023.34    33   5.9e-18   75.3  21.7   4   5     2e-09    0.0035   29.0   0.2     3    32   142   173   141   174 0.93 -
boryong_07125        -            185 Ank                  PF00023.34    33   5.9e-18   75.3  21.7   5   5     0.072   1.3e+05    5.3   0.2     1     9   175   183   175   184 0.85 -
boryong_00565        -            183 Ank                  PF00023.34    33   1.3e-16   71.1  22.6   1   5    0.0065   1.1e+04    8.5   0.0     5    25     9    29     7    38 0.78 -
boryong_00565        -            183 Ank                  PF00023.34    33   1.3e-16   71.1  22.6   2   5   2.7e-08     0.047   25.4   0.2     4    33    42    71    39    71 0.94 -
boryong_00565        -            183 Ank                  PF00023.34    33   1.3e-16   71.1  22.6   3   5     0.012   2.1e+04    7.7   5.4     2    33    73   137    72   137 0.66 -
boryong_00565        -            183 Ank                  PF00023.34    33   1.3e-16   71.1  22.6   4   5   1.9e-09    0.0034   29.0   0.2     3    32   140   171   139   172 0.93 -
boryong_00565        -            183 Ank                  PF00023.34    33   1.3e-16   71.1  22.6   5   5     0.071   1.2e+05    5.3   0.2     1     9   173   181   173   182 0.85 -
boryong_06745        -            112 Ank                  PF00023.34    33   1.6e-16   70.8   0.3   1   4     0.027   4.8e+04    6.6   0.1    20    33     3    16     1    16 0.85 -
boryong_06745        -            112 Ank                  PF00023.34    33   1.6e-16   70.8   0.3   2   4   0.00056   9.9e+02   11.9   0.0     1    30    17    47    17    50 0.85 -
boryong_06745        -            112 Ank                  PF00023.34    33   1.6e-16   70.8   0.3   3   4     3e-11   5.2e-05   34.7   0.0     1    33    51    83    51    83 0.96 -
boryong_06745        -            112 Ank                  PF00023.34    33   1.6e-16   70.8   0.3   4   4   0.00017     3e+02   13.5   0.0     1    22    84   105    84   110 0.91 -
boryong_07190        -            186 Ank                  PF00023.34    33   5.8e-16   69.1   8.5   1   4   2.5e-07      0.43   22.4   0.1     2    31    12    41    11    43 0.93 -
boryong_07190        -            186 Ank                  PF00023.34    33   5.8e-16   69.1   8.5   2   4     5e-09    0.0088   27.7   0.8     1    33    44    78    44    78 0.90 -
boryong_07190        -            186 Ank                  PF00023.34    33   5.8e-16   69.1   8.5   3   4   9.5e-07       1.7   20.6   0.1     1    32    79   112    79   113 0.92 -
boryong_07190        -            186 Ank                  PF00023.34    33   5.8e-16   69.1   8.5   4   4       2.2   3.9e+06    0.6   0.0     2    10   115   123   114   131 0.76 -
boryong_07195        -            133 Ank                  PF00023.34    33   1.4e-14   64.7   9.8   1   4     0.051     9e+04    5.7   0.0    12    33    13    34     4    34 0.81 -
boryong_07195        -            133 Ank                  PF00023.34    33   1.4e-14   64.7   9.8   2   4   9.7e-08      0.17   23.7   0.1     1    33    35    68    35    68 0.83 -
boryong_07195        -            133 Ank                  PF00023.34    33   1.4e-14   64.7   9.8   3   4   3.9e-08     0.069   24.9   0.2     2    33    70   114    69   114 0.75 -
boryong_07195        -            133 Ank                  PF00023.34    33   1.4e-14   64.7   9.8   4   4   0.00016   2.9e+02   13.5   0.3     1    11   115   125   115   128 0.88 -
boryong_01365        -            250 Ank                  PF00023.34    33   4.6e-11   53.7  13.1   1   5    0.0049   8.6e+03    8.9   0.0     6    32    29    56    28    57 0.84 -
boryong_01365        -            250 Ank                  PF00023.34    33   4.6e-11   53.7  13.1   2   5       1.4   2.5e+06    1.2   0.0     6    33    59    85    58    85 0.73 -
boryong_01365        -            250 Ank                  PF00023.34    33   4.6e-11   53.7  13.1   3   5   0.00077   1.4e+03   11.4   0.1     4    32    89   118    88   119 0.92 -
boryong_01365        -            250 Ank                  PF00023.34    33   4.6e-11   53.7  13.1   4   5   2.9e-05        51   15.9   0.3     2    33   121   152   120   152 0.92 -
boryong_01365        -            250 Ank                  PF00023.34    33   4.6e-11   53.7  13.1   5   5   8.5e-07       1.5   20.7   0.4     1    33   153   193   153   193 0.84 -
boryong_07635        -            117 Ank                  PF00023.34    33   2.4e-10   51.5   1.2   1   3    0.0055   9.8e+03    8.7   0.3    18    33    32    47    27    47 0.82 -
boryong_07635        -            117 Ank                  PF00023.34    33   2.4e-10   51.5   1.2   2   3    0.0047   8.3e+03    9.0   0.0     1    30    48    78    48    81 0.81 -
boryong_07635        -            117 Ank                  PF00023.34    33   2.4e-10   51.5   1.2   3   3     4e-10   0.00071   31.2   0.0     2    33    83   114    82   114 0.93 -
boryong_06765        -             90 Ank                  PF00023.34    33   1.4e-08   45.9   2.8   1   3     0.017     3e+04    7.2   0.0     6    29    11    35    10    39 0.78 -
boryong_06765        -             90 Ank                  PF00023.34    33   1.4e-08   45.9   2.8   2   3   8.5e-10    0.0015   30.1   0.2     1    33    40    72    40    72 0.96 -
boryong_06765        -             90 Ank                  PF00023.34    33   1.4e-08   45.9   2.8   3   3     0.011   1.9e+04    7.8   0.3     1    11    73    83    73    89 0.79 -
boryong_00960        -             61 Ank                  PF00023.34    33   1.9e-08   45.5   1.9   1   2   5.2e-09    0.0092   27.7   0.0     7    32     2    27     1    28 0.91 -
boryong_00960        -             61 Ank                  PF00023.34    33   1.9e-08   45.5   1.9   2   2   7.5e-06        13   17.8   0.5     5    30    33    57    29    60 0.87 -
boryong_07640        -             82 Ank                  PF00023.34    33   1.2e-06   39.8   0.4   1   2     0.014   2.5e+04    7.4   0.0     6    29    11    35    10    39 0.78 -
boryong_07640        -             82 Ank                  PF00023.34    33   1.2e-06   39.8   0.4   2   2   6.9e-10    0.0012   30.4   0.2     1    33    40    72    40    72 0.96 -
boryong_11930        -             85 Ank                  PF00023.34    33   2.6e-06   38.8   0.1   1   2    0.0027   4.7e+03    9.7   0.0     5    29     9    34     7    38 0.78 -
boryong_11930        -             85 Ank                  PF00023.34    33   2.6e-06   38.8   0.1   2   2   6.7e-09     0.012   27.3   0.1     1    31    39    69    39    70 0.95 -
boryong_09635        -            228 Ank                  PF00023.34    33   4.9e-06   37.9   3.9   1   4   1.2e-05        22   17.1   0.2     6    32    15    41    15    42 0.94 -
boryong_09635        -            228 Ank                  PF00023.34    33   4.9e-06   37.9   3.9   2   4       0.7   1.2e+06    2.1   0.0    14    33    62    87    43    87 0.61 -
boryong_09635        -            228 Ank                  PF00023.34    33   4.9e-06   37.9   3.9   3   4   0.00025   4.4e+02   13.0   0.1     6    32   137   163   137   164 0.92 -
boryong_09635        -            228 Ank                  PF00023.34    33   4.9e-06   37.9   3.9   4   4      0.18   3.1e+05    4.0   0.0    13    33   192   209   166   209 0.85 -
boryong_00965        -            171 Ank                  PF00023.34    33   5.1e-06   37.9   0.9   1   2   7.2e-09     0.013   27.2   0.3     3    32     6    35     4    36 0.91 -
boryong_00965        -            171 Ank                  PF00023.34    33   5.1e-06   37.9   0.9   2   2    0.0071   1.3e+04    8.4   0.0     3    22    39    60    37    74 0.81 -
boryong_02340        -             72 Ank                  PF00023.34    33   4.5e-05   34.9   2.9   1   2   2.9e-09     0.005   28.5   0.4     4    32    26    54    23    55 0.93 -
boryong_02340        -             72 Ank                  PF00023.34    33   4.5e-05   34.9   2.9   2   2     0.019   3.4e+04    7.0   0.1     2     9    57    64    56    70 0.86 -
boryong_01665        -             54 Ank                  PF00023.34    33   7.1e-05   34.3   0.0   1   1   6.6e-11   0.00012   33.6   0.0     2    33    16    47    15    47 0.93 -
boryong_11645        -            315 Ank                  PF00023.34    33   0.00031   32.3   0.0   1   2     0.034     6e+04    6.3   0.0     8    32    42    66    39    67 0.84 -
boryong_11645        -            315 Ank                  PF00023.34    33   0.00031   32.3   0.0   2   2   3.7e-07      0.64   21.9   0.0     2    32   106   136   105   137 0.91 -
boryong_11875        -            100 Ank                  PF00023.34    33   0.00081   31.0  10.3   1   2   1.9e-06       3.4   19.6   0.6    12    33     3    24     1    24 0.91 -
boryong_11875        -            100 Ank                  PF00023.34    33   0.00081   31.0  10.3   2   2   0.00018   3.2e+02   13.4   2.3     1    33    25    70    25    70 0.73 -
boryong_11375        -            657 Ank                  PF00023.34    33      0.18   23.6   0.8   1   3   3.1e-05        55   15.8   0.0     1    32    42    73    42    74 0.92 -
boryong_11375        -            657 Ank                  PF00023.34    33      0.18   23.6   0.8   2   3         1   1.8e+06    1.6   0.0     3    19    80    97    78   100 0.86 -
boryong_11375        -            657 Ank                  PF00023.34    33      0.18   23.6   0.8   3   3       1.2     2e+06    1.5   0.0     3    21   113   131   111   139 0.74 -
boryong_07200        -             47 Ank                  PF00023.34    33      0.83   21.5   0.1   1   2   0.00035   6.1e+02   12.5   0.0     5    32     5    30     2    33 0.90 -
boryong_07200        -             47 Ank                  PF00023.34    33      0.83   21.5   0.1   2   2     0.015   2.6e+04    7.4   0.0     1    11    35    45    35    46 0.85 -
boryong_01835        -             80 Ank                  PF00023.34    33        45   16.1   2.5   1   2   5.1e-05        89   15.1   0.6     7    29     2    24     1    28 0.79 -
boryong_01835        -             80 Ank                  PF00023.34    33        45   16.1   2.5   2   2       2.6   4.7e+06    0.3   0.0    15    22    44    51    33    61 0.73 -
boryong_08230        -            712 Ank                  PF00023.34    33   7.5e+02   12.2   0.2   1   2    0.0053   9.4e+03    8.8   0.0     3    32    42    71    40    72 0.74 -
boryong_08230        -            712 Ank                  PF00023.34    33   7.5e+02   12.2   0.2   2   2       8.5   1.5e+07   -1.2   0.0    14    28   259   273   259   276 0.80 -
#
# Program:         hmmsearch
# Version:         3.4 (Aug 2023)
# Pipeline mode:   SEARCH
# Query file:      ank_PF00023.hmm
# Target file:     boryong.faa
# Option settings: hmmsearch --domtblout boryong_ank_PF00023.txt -E 1000 -Z 75585367 ank_PF00023.hmm boryong.faa 
# Current dir:     /mnt/c/Users/oakem/Orientia Biology Dropbox/Oakem Kyne/PC/Documents/230904_moru/240312_domain_identification/3_hmmer/2_hmmersearch
# Date:            Fri Mar 15 14:06:40 2024
# [ok]
