#                                                                            --- full sequence --- -------------- this domain -------------   hmm coord   ali coord   env coord
# target name        accession   tlen query name           accession   qlen   E-value  score  bias   #  of  c-Evalue  i-Evalue  score  bias  from    to  from    to  from    to  acc description of target
#------------------- ---------- ----- -------------------- ---------- ----- --------- ------ ----- --- --- --------- --------- ------ ----- ----- ----- ----- ----- ----- ----- ---- ---------------------
karp_05990           -            551 Ank                  PF00023.34    33   6.6e-55  191.3  27.8   1   8   4.3e-08     0.047   25.4   0.1     1    33    54    86    54    86 0.94 -
karp_05990           -            551 Ank                  PF00023.34    33   6.6e-55  191.3  27.8   2   8   1.4e-09    0.0016   30.1   0.2     2    32    88   116    87   120 0.81 -
karp_05990           -            551 Ank                  PF00023.34    33   6.6e-55  191.3  27.8   3   8   2.6e-07      0.28   23.0   0.0     1    30   121   150   121   153 0.82 -
karp_05990           -            551 Ank                  PF00023.34    33   6.6e-55  191.3  27.8   4   8   1.1e-08     0.012   27.3   0.2     2    32   155   186   154   187 0.86 -
karp_05990           -            551 Ank                  PF00023.34    33   6.6e-55  191.3  27.8   5   8   5.8e-07      0.62   21.9   0.1     2    31   189   219   188   221 0.82 -
karp_05990           -            551 Ank                  PF00023.34    33   6.6e-55  191.3  27.8   6   8   6.8e-10   0.00073   31.1   0.2     1    31   222   253   222   255 0.83 -
karp_05990           -            551 Ank                  PF00023.34    33   6.6e-55  191.3  27.8   7   8   5.2e-07      0.56   22.1   0.1     1    31   256   287   256   289 0.83 -
karp_05990           -            551 Ank                  PF00023.34    33   6.6e-55  191.3  27.8   8   8   4.1e-08     0.045   25.5   0.2     2    28   291   317   290   322 0.83 -
karp_03435           -            494 Ank                  PF00023.34    33   9.3e-48  168.9  33.6   1   8      0.04   4.3e+04    6.7   0.0     5    32     5    30     3    31 0.91 -
karp_03435           -            494 Ank                  PF00023.34    33   9.3e-48  168.9  33.6   2   8   3.3e-08     0.035   25.8   0.0     1    33    35    67    35    67 0.93 -
karp_03435           -            494 Ank                  PF00023.34    33   9.3e-48  168.9  33.6   3   8   1.1e-06       1.2   21.0   0.1     1    33    68   101    68   101 0.82 -
karp_03435           -            494 Ank                  PF00023.34    33   9.3e-48  168.9  33.6   4   8   8.3e-07       0.9   21.4   0.1     2    32   103   146   102   147 0.74 -
karp_03435           -            494 Ank                  PF00023.34    33   9.3e-48  168.9  33.6   5   8     6e-11   6.5e-05   34.4   3.0     1    33   148   181   148   181 0.96 -
karp_03435           -            494 Ank                  PF00023.34    33   9.3e-48  168.9  33.6   6   8     7e-08     0.075   24.8   0.3     2    31   183   212   182   214 0.93 -
karp_03435           -            494 Ank                  PF00023.34    33   9.3e-48  168.9  33.6   7   8   1.3e-08     0.014   27.1   0.7     1    33   215   249   215   249 0.87 -
karp_03435           -            494 Ank                  PF00023.34    33   9.3e-48  168.9  33.6   8   8   1.2e-07      0.13   24.1   0.1     1    32   250   283   250   284 0.93 -
karp_07655           -            495 Ank                  PF00023.34    33   7.2e-46  163.0  27.9   1   8       1.3   1.4e+06    2.0   0.0     3    22     2    21     2    31 0.79 -
karp_07655           -            495 Ank                  PF00023.34    33   7.2e-46  163.0  27.9   2   8   5.6e-06       6.1   18.8   0.0     3    33    37    67    35    67 0.93 -
karp_07655           -            495 Ank                  PF00023.34    33   7.2e-46  163.0  27.9   3   8   2.3e-08     0.025   26.3   0.1     1    33    68   101    68   101 0.89 -
karp_07655           -            495 Ank                  PF00023.34    33   7.2e-46  163.0  27.9   4   8   9.5e-06        10   18.1   0.3     1    32   102   146   102   147 0.77 -
karp_07655           -            495 Ank                  PF00023.34    33   7.2e-46  163.0  27.9   5   8   4.1e-11   4.5e-05   34.9   1.4     1    33   148   181   148   181 0.96 -
karp_07655           -            495 Ank                  PF00023.34    33   7.2e-46  163.0  27.9   6   8   7.9e-06       8.5   18.4   0.1     2    31   183   212   182   214 0.92 -
karp_07655           -            495 Ank                  PF00023.34    33   7.2e-46  163.0  27.9   7   8   8.4e-10    0.0009   30.8   0.7     1    33   215   250   215   250 0.96 -
karp_07655           -            495 Ank                  PF00023.34    33   7.2e-46  163.0  27.9   8   8   1.9e-08     0.021   26.5   0.4     1    33   251   285   251   285 0.94 -
karp_09070           -            422 Ank                  PF00023.34    33   2.3e-39  142.5  19.0   1   6     6e-12   6.4e-06   37.6   0.3     2    33    56    87    55    87 0.93 -
karp_09070           -            422 Ank                  PF00023.34    33   2.3e-39  142.5  19.0   2   6   5.2e-09    0.0056   28.3   0.1     3    32    90   119    88   120 0.92 -
karp_09070           -            422 Ank                  PF00023.34    33   2.3e-39  142.5  19.0   3   6   5.1e-10   0.00055   31.5   0.0     4    32   124   152   121   153 0.94 -
karp_09070           -            422 Ank                  PF00023.34    33   2.3e-39  142.5  19.0   4   6   2.6e-07      0.28   23.0   0.1     1    32   154   190   154   191 0.81 -
karp_09070           -            422 Ank                  PF00023.34    33   2.3e-39  142.5  19.0   5   6   7.3e-09    0.0079   27.9   0.8     2    33   193   224   192   224 0.93 -
karp_09070           -            422 Ank                  PF00023.34    33   2.3e-39  142.5  19.0   6   6       0.8   8.7e+05    2.6   0.0     2    22   226   248   225   258 0.77 -
karp_13090           -            508 Ank                  PF00023.34    33   1.4e-38  140.1  36.4   1   9      0.09   9.7e+04    5.6   0.2     6    32    37    64    37    65 0.83 -
karp_13090           -            508 Ank                  PF00023.34    33   1.4e-38  140.1  36.4   2   9   9.3e-09      0.01   27.5   0.2     1    32    66    98    66    99 0.90 -
karp_13090           -            508 Ank                  PF00023.34    33   1.4e-38  140.1  36.4   3   9     2e-08     0.022   26.5   0.3     3    23   103   123   101   133 0.82 -
karp_13090           -            508 Ank                  PF00023.34    33   1.4e-38  140.1  36.4   4   9   7.2e-07      0.78   21.6   0.6     1    25   135   157   135   164 0.85 -
karp_13090           -            508 Ank                  PF00023.34    33   1.4e-38  140.1  36.4   5   9   8.5e-06       9.1   18.3   0.3     2    30   166   194   165   199 0.90 -
karp_13090           -            508 Ank                  PF00023.34    33   1.4e-38  140.1  36.4   6   9    0.0072   7.8e+03    9.1   0.1     1    32   200   235   200   236 0.81 -
karp_13090           -            508 Ank                  PF00023.34    33   1.4e-38  140.1  36.4   7   9   7.8e-08     0.084   24.6   0.2     2    33   238   270   237   270 0.91 -
karp_13090           -            508 Ank                  PF00023.34    33   1.4e-38  140.1  36.4   8   9   6.1e-09    0.0066   28.1   0.1     1    33   271   303   271   303 0.93 -
karp_13090           -            508 Ank                  PF00023.34    33   1.4e-38  140.1  36.4   9   9       6.2   6.7e+06   -0.1   0.0     4    23   307   327   305   335 0.81 -
karp_02720           -            442 Ank                  PF00023.34    33   3.4e-36  132.6  22.8   1  10       3.2   3.5e+06    0.7   0.1     8    26    12    31    11    38 0.73 -
karp_02720           -            442 Ank                  PF00023.34    33   3.4e-36  132.6  22.8   2  10   1.7e-05        18   17.3   0.0     6    32    45    71    45    72 0.93 -
karp_02720           -            442 Ank                  PF00023.34    33   3.4e-36  132.6  22.8   3  10   5.2e-10   0.00056   31.5   0.1     1    33    73   105    73   105 0.94 -
karp_02720           -            442 Ank                  PF00023.34    33   3.4e-36  132.6  22.8   4  10   1.1e-06       1.2   21.0   0.3     1    33   106   143   106   143 0.81 -
karp_02720           -            442 Ank                  PF00023.34    33   3.4e-36  132.6  22.8   5  10   1.3e-09    0.0014   30.3   0.0     1    33   144   176   144   176 0.95 -
karp_02720           -            442 Ank                  PF00023.34    33   3.4e-36  132.6  22.8   6  10   6.6e-05        71   15.4   0.0     2    23   178   199   177   211 0.83 -
karp_02720           -            442 Ank                  PF00023.34    33   3.4e-36  132.6  22.8   7  10      0.33   3.6e+05    3.8   0.0     1    12   215   226   215   237 0.84 -
karp_02720           -            442 Ank                  PF00023.34    33   3.4e-36  132.6  22.8   8  10     0.052   5.7e+04    6.3   0.1    15    33   254   272   247   272 0.88 -
karp_02720           -            442 Ank                  PF00023.34    33   3.4e-36  132.6  22.8   9  10    0.0067   7.2e+03    9.2   0.4     1    11   273   285   273   328 0.76 -
karp_02720           -            442 Ank                  PF00023.34    33   3.4e-36  132.6  22.8  10  10      0.62   6.7e+05    3.0   0.0     1    21   329   351   329   355 0.82 -
karp_05015           -            439 Ank                  PF00023.34    33   5.4e-36  132.0  20.7   1   9   2.5e-05        27   16.8   0.0     6    31    45    70    45    72 0.93 -
karp_05015           -            439 Ank                  PF00023.34    33   5.4e-36  132.0  20.7   2   9   3.5e-10   0.00037   32.0   0.1     1    33    73   105    73   105 0.94 -
karp_05015           -            439 Ank                  PF00023.34    33   5.4e-36  132.0  20.7   3   9   2.7e-07      0.29   23.0   0.1     1    33   106   139   106   139 0.90 -
karp_05015           -            439 Ank                  PF00023.34    33   5.4e-36  132.0  20.7   4   9   1.8e-09    0.0019   29.8   0.0     1    33   140   172   140   172 0.95 -
karp_05015           -            439 Ank                  PF00023.34    33   5.4e-36  132.0  20.7   5   9   0.00035   3.8e+02   13.2   0.0     2    23   174   195   173   207 0.82 -
karp_05015           -            439 Ank                  PF00023.34    33   5.4e-36  132.0  20.7   6   9      0.33   3.6e+05    3.8   0.0     1    12   211   222   211   233 0.84 -
karp_05015           -            439 Ank                  PF00023.34    33   5.4e-36  132.0  20.7   7   9      0.05   5.4e+04    6.4   0.1    15    33   250   268   240   268 0.88 -
karp_05015           -            439 Ank                  PF00023.34    33   5.4e-36  132.0  20.7   8   9    0.0066   7.1e+03    9.2   0.4     1    11   269   281   269   324 0.76 -
karp_05015           -            439 Ank                  PF00023.34    33   5.4e-36  132.0  20.7   9   9      0.62   6.7e+05    3.0   0.0     1    21   325   347   325   351 0.82 -
karp_09650           -            762 Ank                  PF00023.34    33   9.1e-34  125.0  18.6   1  15     0.022   2.4e+04    7.5   0.0     2    30    74   106    73   109 0.86 -
karp_09650           -            762 Ank                  PF00023.34    33   9.1e-34  125.0  18.6   2  15      0.22   2.4e+05    4.4   0.0     3    33   113   147   112   147 0.74 -
karp_09650           -            762 Ank                  PF00023.34    33   9.1e-34  125.0  18.6   3  15   0.00012   1.3e+02   14.7   0.1     2    33   149   180   148   180 0.81 -
karp_09650           -            762 Ank                  PF00023.34    33   9.1e-34  125.0  18.6   4  15      0.36   3.9e+05    3.7   0.0    14    28   191   205   185   208 0.84 -
karp_09650           -            762 Ank                  PF00023.34    33   9.1e-34  125.0  18.6   5  15    0.0061   6.6e+03    9.3   0.1     3    25   215   236   213   245 0.80 -
karp_09650           -            762 Ank                  PF00023.34    33   9.1e-34  125.0  18.6   6  15      0.61   6.5e+05    3.0   0.0     5    29   288   316   285   320 0.73 -
karp_09650           -            762 Ank                  PF00023.34    33   9.1e-34  125.0  18.6   7  15      0.84     9e+05    2.6   0.0    17    31   351   365   345   367 0.81 -
karp_09650           -            762 Ank                  PF00023.34    33   9.1e-34  125.0  18.6   8  15      0.25   2.7e+05    4.2   0.0     8    30   375   397   371   400 0.81 -
karp_09650           -            762 Ank                  PF00023.34    33   9.1e-34  125.0  18.6   9  15     0.006   6.5e+03    9.3   0.1     6    32   440   467   439   468 0.92 -
karp_09650           -            762 Ank                  PF00023.34    33   9.1e-34  125.0  18.6  10  15      0.17   1.9e+05    4.7   0.0     9    32   477   501   472   502 0.83 -
karp_09650           -            762 Ank                  PF00023.34    33   9.1e-34  125.0  18.6  11  15    0.0012   1.3e+03   11.5   0.0     1    32   503   542   503   543 0.79 -
karp_09650           -            762 Ank                  PF00023.34    33   9.1e-34  125.0  18.6  12  15     7e-07      0.76   21.6   0.0     2    30   545   573   544   574 0.92 -
karp_09650           -            762 Ank                  PF00023.34    33   9.1e-34  125.0  18.6  13  15   3.8e-05        42   16.2   0.2     3    31   612   640   610   642 0.81 -
karp_09650           -            762 Ank                  PF00023.34    33   9.1e-34  125.0  18.6  14  15       3.7     4e+06    0.5   0.0     2    23   644   665   644   675 0.72 -
karp_09650           -            762 Ank                  PF00023.34    33   9.1e-34  125.0  18.6  15  15     0.037     4e+04    6.8   0.0     1    23   677   696   677   706 0.77 -
karp_11350           -            765 Ank                  PF00023.34    33   9.7e-34  124.9  18.6   1  15     0.022   2.4e+04    7.5   0.0     2    30    77   109    76   112 0.86 -
karp_11350           -            765 Ank                  PF00023.34    33   9.7e-34  124.9  18.6   2  15      0.22   2.4e+05    4.4   0.0     3    33   116   150   115   150 0.74 -
karp_11350           -            765 Ank                  PF00023.34    33   9.7e-34  124.9  18.6   3  15   0.00012   1.3e+02   14.7   0.1     2    33   152   183   151   183 0.81 -
karp_11350           -            765 Ank                  PF00023.34    33   9.7e-34  124.9  18.6   4  15      0.37   3.9e+05    3.7   0.0    14    28   194   208   188   211 0.84 -
karp_11350           -            765 Ank                  PF00023.34    33   9.7e-34  124.9  18.6   5  15    0.0062   6.7e+03    9.3   0.1     3    25   218   239   216   248 0.80 -
karp_11350           -            765 Ank                  PF00023.34    33   9.7e-34  124.9  18.6   6  15      0.61   6.6e+05    3.0   0.0     5    29   291   319   288   323 0.73 -
karp_11350           -            765 Ank                  PF00023.34    33   9.7e-34  124.9  18.6   7  15      0.84   9.1e+05    2.6   0.0    17    31   354   368   348   370 0.81 -
karp_11350           -            765 Ank                  PF00023.34    33   9.7e-34  124.9  18.6   8  15      0.25   2.7e+05    4.2   0.0     8    30   378   400   374   403 0.81 -
karp_11350           -            765 Ank                  PF00023.34    33   9.7e-34  124.9  18.6   9  15     0.006   6.5e+03    9.3   0.1     6    32   443   470   442   471 0.92 -
karp_11350           -            765 Ank                  PF00023.34    33   9.7e-34  124.9  18.6  10  15      0.18   1.9e+05    4.7   0.0     9    32   480   504   475   505 0.83 -
karp_11350           -            765 Ank                  PF00023.34    33   9.7e-34  124.9  18.6  11  15    0.0012   1.3e+03   11.5   0.0     1    32   506   545   506   546 0.79 -
karp_11350           -            765 Ank                  PF00023.34    33   9.7e-34  124.9  18.6  12  15   7.1e-07      0.76   21.6   0.0     2    30   548   576   547   577 0.92 -
karp_11350           -            765 Ank                  PF00023.34    33   9.7e-34  124.9  18.6  13  15   3.9e-05        42   16.2   0.2     3    31   615   643   613   645 0.81 -
karp_11350           -            765 Ank                  PF00023.34    33   9.7e-34  124.9  18.6  14  15       3.8   4.1e+06    0.5   0.0     2    23   647   668   647   678 0.72 -
karp_11350           -            765 Ank                  PF00023.34    33   9.7e-34  124.9  18.6  15  15     0.038   4.1e+04    6.8   0.0     1    23   680   699   680   709 0.77 -
karp_10185           -            431 Ank                  PF00023.34    33   5.8e-31  116.2  21.4   1   7       1.7   1.9e+06    1.6   0.3     9    29     8    28     5    30 0.79 -
karp_10185           -            431 Ank                  PF00023.34    33   5.8e-31  116.2  21.4   2   7     3e-08     0.032   25.9   0.1     2    29    35    62    34    66 0.90 -
karp_10185           -            431 Ank                  PF00023.34    33   5.8e-31  116.2  21.4   3   7   3.9e-07      0.42   22.4   0.0     1    28    67    94    67    97 0.90 -
karp_10185           -            431 Ank                  PF00023.34    33   5.8e-31  116.2  21.4   4   7   0.00056     6e+02   12.5   0.0     2    33    96   128    95   128 0.86 -
karp_10185           -            431 Ank                  PF00023.34    33   5.8e-31  116.2  21.4   5   7   2.9e-11   3.1e-05   35.4   0.1     1    32   129   160   129   161 0.96 -
karp_10185           -            431 Ank                  PF00023.34    33   5.8e-31  116.2  21.4   6   7   2.2e-06       2.3   20.1   0.3     3    29   163   190   162   194 0.88 -
karp_10185           -            431 Ank                  PF00023.34    33   5.8e-31  116.2  21.4   7   7      0.02   2.1e+04    7.7   0.0     6    25   201   221   199   229 0.81 -
karp_03345           -            335 Ank                  PF00023.34    33   9.3e-31  115.5  13.6   1   4   1.8e-06       1.9   20.4   0.0     2    32     2    32     1    35 0.86 -
karp_03345           -            335 Ank                  PF00023.34    33   9.3e-31  115.5  13.6   2   4   2.1e-11   2.3e-05   35.8   0.5     2    32    39    69    38    70 0.94 -
karp_03345           -            335 Ank                  PF00023.34    33   9.3e-31  115.5  13.6   3   4   7.4e-13     8e-07   40.4   0.1     1    32    71   102    71   103 0.96 -
karp_03345           -            335 Ank                  PF00023.34    33   9.3e-31  115.5  13.6   4   4   8.9e-08     0.097   24.5   0.5     3    32   106   136   104   137 0.91 -
karp_05630           -            290 Ank                  PF00023.34    33   1.2e-30  115.2  23.7   1   8     0.025   2.7e+04    7.4   0.0     4    24    15    35    12    44 0.80 -
karp_05630           -            290 Ank                  PF00023.34    33   1.2e-30  115.2  23.7   2   8   6.7e-09    0.0072   28.0   0.2     1    33    46    78    46    78 0.96 -
karp_05630           -            290 Ank                  PF00023.34    33   1.2e-30  115.2  23.7   3   8    0.0011   1.2e+03   11.6   1.0     2    30    80   116    79   120 0.75 -
karp_05630           -            290 Ank                  PF00023.34    33   1.2e-30  115.2  23.7   4   8    0.0038   4.1e+03    9.9   0.1    16    33   123   140   116   140 0.87 -
karp_05630           -            290 Ank                  PF00023.34    33   1.2e-30  115.2  23.7   5   8   6.8e-09    0.0073   28.0   0.1     3    32   143   174   142   175 0.94 -
karp_05630           -            290 Ank                  PF00023.34    33   1.2e-30  115.2  23.7   6   8    0.0046     5e+03    9.7   0.7     3    33   178   221   176   221 0.71 -
karp_05630           -            290 Ank                  PF00023.34    33   1.2e-30  115.2  23.7   7   8     0.013   1.4e+04    8.2   0.0     1    29   222   251   222   254 0.79 -
karp_05630           -            290 Ank                  PF00023.34    33   1.2e-30  115.2  23.7   8   8   5.1e-07      0.55   22.1   0.0     6    33   261   288   258   288 0.94 -
karp_07975           -            347 Ank                  PF00023.34    33   2.9e-28  107.7   9.4   1   4   4.4e-06       4.8   19.1   0.0     3    32     2    32     1    33 0.88 -
karp_07975           -            347 Ank                  PF00023.34    33   2.9e-28  107.7   9.4   2   4   1.1e-11   1.2e-05   36.7   0.5     4    32    40    68    38    69 0.94 -
karp_07975           -            347 Ank                  PF00023.34    33   2.9e-28  107.7   9.4   3   4     1e-09    0.0011   30.6   0.0     1    32    70   101    70   102 0.95 -
karp_07975           -            347 Ank                  PF00023.34    33   2.9e-28  107.7   9.4   4   4   1.6e-07      0.17   23.7   0.2     4    32   106   135   103   136 0.90 -
karp_08625           -            347 Ank                  PF00023.34    33   2.9e-28  107.7   9.4   1   4   4.4e-06       4.8   19.1   0.0     3    32     2    32     1    33 0.88 -
karp_08625           -            347 Ank                  PF00023.34    33   2.9e-28  107.7   9.4   2   4   1.1e-11   1.2e-05   36.7   0.5     4    32    40    68    38    69 0.94 -
karp_08625           -            347 Ank                  PF00023.34    33   2.9e-28  107.7   9.4   3   4     1e-09    0.0011   30.6   0.0     1    32    70   101    70   102 0.95 -
karp_08625           -            347 Ank                  PF00023.34    33   2.9e-28  107.7   9.4   4   4   1.6e-07      0.17   23.7   0.2     4    32   106   135   103   136 0.90 -
karp_00275           -            289 Ank                  PF00023.34    33   4.5e-28  107.1   8.0   1   6      0.46   4.9e+05    3.4   0.0    18    33    24    40    15    40 0.76 -
karp_00275           -            289 Ank                  PF00023.34    33   4.5e-28  107.1   8.0   2   6   2.7e-10   0.00029   32.3   0.0     1    32    41    72    41    73 0.94 -
karp_00275           -            289 Ank                  PF00023.34    33   4.5e-28  107.1   8.0   3   6   1.2e-08     0.013   27.2   0.0     2    32    75   105    74   106 0.92 -
karp_00275           -            289 Ank                  PF00023.34    33   4.5e-28  107.1   8.0   4   6   3.5e-06       3.7   19.5   0.0     1    32   107   140   107   141 0.87 -
karp_00275           -            289 Ank                  PF00023.34    33   4.5e-28  107.1   8.0   5   6      0.16   1.7e+05    4.8   0.4    15    33   175   193   142   193 0.52 -
karp_00275           -            289 Ank                  PF00023.34    33   4.5e-28  107.1   8.0   6   6   3.6e-05        39   16.3   0.0     2    26   195   218   194   225 0.86 -
karp_02145           -            287 Ank                  PF00023.34    33     8e-27  103.2   7.4   1   6   1.2e-06       1.3   20.9   0.0     1    33    13    54    13    54 0.79 -
karp_02145           -            287 Ank                  PF00023.34    33     8e-27  103.2   7.4   2   6   2.6e-07      0.28   23.0   0.0     2    33    56    89    55    89 0.95 -
karp_02145           -            287 Ank                  PF00023.34    33     8e-27  103.2   7.4   3   6       2.4   2.6e+06    1.2   0.0     2    11    91   101    90   113 0.72 -
karp_02145           -            287 Ank                  PF00023.34    33     8e-27  103.2   7.4   4   6    0.0013   1.4e+03   11.4   0.1    17    33   126   142   120   142 0.86 -
karp_02145           -            287 Ank                  PF00023.34    33     8e-27  103.2   7.4   5   6   0.00016   1.7e+02   14.3   0.0     2    33   144   176   143   176 0.85 -
karp_02145           -            287 Ank                  PF00023.34    33     8e-27  103.2   7.4   6   6   1.3e-09    0.0014   30.2   0.0     2    32   178   209   177   210 0.88 -
karp_11480           -            164 Ank                  PF00023.34    33   3.5e-26  101.2   7.7   1   5     0.038   4.1e+04    6.8   0.1     7    26    12    31    11    38 0.72 -
karp_11480           -            164 Ank                  PF00023.34    33   3.5e-26  101.2   7.7   2   5   1.5e-05        16   17.4   0.0     6    30    45    69    44    71 0.92 -
karp_11480           -            164 Ank                  PF00023.34    33   3.5e-26  101.2   7.7   3   5   1.7e-10   0.00018   33.0   0.1     1    33    73   105    73   105 0.94 -
karp_11480           -            164 Ank                  PF00023.34    33   3.5e-26  101.2   7.7   4   5   3.1e-08     0.034   25.9   0.2     1    33   106   139   106   139 0.91 -
karp_11480           -            164 Ank                  PF00023.34    33   3.5e-26  101.2   7.7   5   5   4.3e-06       4.6   19.2   0.0     1    23   140   162   140   164 0.91 -
karp_01985           -            214 Ank                  PF00023.34    33   4.7e-26  100.8   9.6   1   6      0.57   6.2e+05    3.1   0.0     6    25    11    30    10    39 0.77 -
karp_01985           -            214 Ank                  PF00023.34    33   4.7e-26  100.8   9.6   2   6   4.5e-09    0.0048   28.5   0.3     1    33    40    72    40    72 0.96 -
karp_01985           -            214 Ank                  PF00023.34    33   4.7e-26  100.8   9.6   3   6    0.0015   1.7e+03   11.1   2.3     1    33    73   118    73   118 0.73 -
karp_01985           -            214 Ank                  PF00023.34    33   4.7e-26  100.8   9.6   4   6    0.0077   8.3e+03    9.0   0.0     1    24   119   142   119   150 0.75 -
karp_01985           -            214 Ank                  PF00023.34    33   4.7e-26  100.8   9.6   5   6   4.3e-10   0.00046   31.7   0.0     2    33   154   185   153   185 0.92 -
karp_01985           -            214 Ank                  PF00023.34    33   4.7e-26  100.8   9.6   6   6   0.00012   1.3e+02   14.6   0.0     1    22   186   207   186   212 0.91 -
karp_08740           -            214 Ank                  PF00023.34    33   1.3e-25   99.4   7.5   1   6      0.28     3e+05    4.1   0.0     6    25    11    30     9    39 0.78 -
karp_08740           -            214 Ank                  PF00023.34    33   1.3e-25   99.4   7.5   2   6   2.8e-09    0.0031   29.2   0.2     1    33    40    72    40    72 0.96 -
karp_08740           -            214 Ank                  PF00023.34    33   1.3e-25   99.4   7.5   3   6    0.0016   1.8e+03   11.1   2.4     1    33    73   118    73   118 0.72 -
karp_08740           -            214 Ank                  PF00023.34    33   1.3e-25   99.4   7.5   4   6     0.061   6.6e+04    6.1   0.0     1    24   119   142   119   150 0.74 -
karp_08740           -            214 Ank                  PF00023.34    33   1.3e-25   99.4   7.5   5   6   1.8e-09     0.002   29.7   0.0     2    33   154   185   153   185 0.93 -
karp_08740           -            214 Ank                  PF00023.34    33   1.3e-25   99.4   7.5   6   6   0.00014   1.5e+02   14.4   0.0     1    22   186   207   186   212 0.91 -
karp_00700           -            214 Ank                  PF00023.34    33   2.2e-25   98.6   6.5   1   6      0.34   3.6e+05    3.8   0.0     6    25    11    30    10    39 0.78 -
karp_00700           -            214 Ank                  PF00023.34    33   2.2e-25   98.6   6.5   2   6     8e-09    0.0086   27.8   0.1     1    33    40    72    40    72 0.96 -
karp_00700           -            214 Ank                  PF00023.34    33   2.2e-25   98.6   6.5   3   6    0.0016   1.8e+03   11.1   2.4     1    33    73   118    73   118 0.72 -
karp_00700           -            214 Ank                  PF00023.34    33   2.2e-25   98.6   6.5   4   6     0.061   6.6e+04    6.1   0.0     1    24   119   142   119   150 0.74 -
karp_00700           -            214 Ank                  PF00023.34    33   2.2e-25   98.6   6.5   5   6   1.8e-09     0.002   29.7   0.0     2    33   154   185   153   185 0.93 -
karp_00700           -            214 Ank                  PF00023.34    33   2.2e-25   98.6   6.5   6   6   0.00014   1.5e+02   14.4   0.0     1    22   186   207   186   212 0.91 -
karp_08230           -            214 Ank                  PF00023.34    33   2.2e-25   98.6   6.5   1   6      0.34   3.6e+05    3.8   0.0     6    25    11    30    10    39 0.78 -
karp_08230           -            214 Ank                  PF00023.34    33   2.2e-25   98.6   6.5   2   6     8e-09    0.0086   27.8   0.1     1    33    40    72    40    72 0.96 -
karp_08230           -            214 Ank                  PF00023.34    33   2.2e-25   98.6   6.5   3   6    0.0016   1.8e+03   11.1   2.4     1    33    73   118    73   118 0.72 -
karp_08230           -            214 Ank                  PF00023.34    33   2.2e-25   98.6   6.5   4   6     0.061   6.6e+04    6.1   0.0     1    24   119   142   119   150 0.74 -
karp_08230           -            214 Ank                  PF00023.34    33   2.2e-25   98.6   6.5   5   6   1.8e-09     0.002   29.7   0.0     2    33   154   185   153   185 0.93 -
karp_08230           -            214 Ank                  PF00023.34    33   2.2e-25   98.6   6.5   6   6   0.00014   1.5e+02   14.4   0.0     1    22   186   207   186   212 0.91 -
karp_00965           -            176 Ank                  PF00023.34    33   3.4e-25   98.1   4.4   1   5      0.86   9.3e+05    2.5   0.0     8    26    12    31    10    38 0.74 -
karp_00965           -            176 Ank                  PF00023.34    33   3.4e-25   98.1   4.4   2   5   9.2e-06        10   18.1   0.0     6    31    45    70    45    72 0.92 -
karp_00965           -            176 Ank                  PF00023.34    33   3.4e-25   98.1   4.4   3   5   2.3e-10   0.00024   32.6   0.1     1    33    73   105    73   105 0.94 -
karp_00965           -            176 Ank                  PF00023.34    33   3.4e-25   98.1   4.4   4   5   7.6e-07      0.82   21.5   0.1     1    33   106   143   106   143 0.81 -
karp_00965           -            176 Ank                  PF00023.34    33   3.4e-25   98.1   4.4   5   5   1.1e-06       1.2   21.0   0.0     1    24   144   167   144   176 0.83 -
karp_10300           -            214 Ank                  PF00023.34    33   4.6e-25   97.7   7.1   1   6      0.34   3.6e+05    3.8   0.0     6    25    11    30    10    39 0.78 -
karp_10300           -            214 Ank                  PF00023.34    33   4.6e-25   97.7   7.1   2   6     8e-09    0.0086   27.8   0.1     1    33    40    72    40    72 0.96 -
karp_10300           -            214 Ank                  PF00023.34    33   4.6e-25   97.7   7.1   3   6    0.0016   1.8e+03   11.1   2.4     1    33    73   118    73   118 0.72 -
karp_10300           -            214 Ank                  PF00023.34    33   4.6e-25   97.7   7.1   4   6     0.061   6.6e+04    6.1   0.0     1    24   119   142   119   150 0.74 -
karp_10300           -            214 Ank                  PF00023.34    33   4.6e-25   97.7   7.1   5   6   1.8e-09     0.002   29.7   0.0     2    33   154   185   153   185 0.93 -
karp_10300           -            214 Ank                  PF00023.34    33   4.6e-25   97.7   7.1   6   6   0.00019   2.1e+02   14.0   0.0     1    21   186   206   186   209 0.93 -
karp_05965           -            389 Ank                  PF00023.34    33   1.5e-24   96.0  11.0   1   5    0.0097   1.1e+04    8.6   0.0     6    32     6    33     6    34 0.88 -
karp_05965           -            389 Ank                  PF00023.34    33   1.5e-24   96.0  11.0   2   5   8.1e-10   0.00087   30.9   0.0     2    27    36    61    35    66 0.89 -
karp_05965           -            389 Ank                  PF00023.34    33   1.5e-24   96.0  11.0   3   5   2.8e-05        30   16.6   0.9     3    25    70    92    69   103 0.83 -
karp_05965           -            389 Ank                  PF00023.34    33   1.5e-24   96.0  11.0   4   5   3.3e-07      0.36   22.7   0.0     3    32   113   142   111   143 0.89 -
karp_05965           -            389 Ank                  PF00023.34    33   1.5e-24   96.0  11.0   5   5     2e-06       2.1   20.2   0.1     3    32   146   175   144   176 0.92 -
karp_08515           -            214 Ank                  PF00023.34    33   3.5e-24   94.9   8.3   1   6      0.23   2.5e+05    4.3   0.0     6    32    11    35    10    37 0.83 -
karp_08515           -            214 Ank                  PF00023.34    33   3.5e-24   94.9   8.3   2   6     8e-09    0.0086   27.8   0.1     1    33    40    72    40    72 0.96 -
karp_08515           -            214 Ank                  PF00023.34    33   3.5e-24   94.9   8.3   3   6    0.0015   1.7e+03   11.1   2.3     1    33    73   118    73   118 0.73 -
karp_08515           -            214 Ank                  PF00023.34    33   3.5e-24   94.9   8.3   4   6     0.022   2.3e+04    7.6   0.0     1    24   119   142   119   150 0.74 -
karp_08515           -            214 Ank                  PF00023.34    33   3.5e-24   94.9   8.3   5   6   4.3e-10   0.00046   31.7   0.0     2    33   154   185   153   185 0.92 -
karp_08515           -            214 Ank                  PF00023.34    33   3.5e-24   94.9   8.3   6   6     0.011   1.2e+04    8.5   0.0     1    22   186   207   186   212 0.90 -
karp_03745           -            214 Ank                  PF00023.34    33     9e-24   93.6   8.3   1   6      0.34   3.6e+05    3.8   0.0     6    25    11    30    10    39 0.78 -
karp_03745           -            214 Ank                  PF00023.34    33     9e-24   93.6   8.3   2   6   7.7e-09    0.0083   27.8   0.2     1    33    40    72    40    72 0.96 -
karp_03745           -            214 Ank                  PF00023.34    33     9e-24   93.6   8.3   3   6    0.0015   1.7e+03   11.1   2.3     1    33    73   118    73   118 0.73 -
karp_03745           -            214 Ank                  PF00023.34    33     9e-24   93.6   8.3   4   6    0.0077   8.3e+03    9.0   0.0     1    24   119   142   119   150 0.75 -
karp_03745           -            214 Ank                  PF00023.34    33     9e-24   93.6   8.3   5   6   1.1e-09    0.0012   30.5   0.0     2    33   154   185   153   185 0.92 -
karp_03745           -            214 Ank                  PF00023.34    33     9e-24   93.6   8.3   6   6     0.021   2.3e+04    7.6   0.0     1    21   186   206   186   209 0.92 -
karp_07245           -            528 Ank                  PF00023.34    33   1.1e-23   93.4  34.9   1   8         1   1.1e+06    2.3   0.0     6    30    10    34    10    37 0.77 -
karp_07245           -            528 Ank                  PF00023.34    33   1.1e-23   93.4  34.9   2   8   2.4e-07      0.26   23.1   0.2     4    32    49    76    49    77 0.91 -
karp_07245           -            528 Ank                  PF00023.34    33   1.1e-23   93.4  34.9   3   8     0.039   4.2e+04    6.8   0.0     1    10    78    87    78    99 0.86 -
karp_07245           -            528 Ank                  PF00023.34    33   1.1e-23   93.4  34.9   4   8     0.025   2.6e+04    7.4   0.2    19    33   119   133   110   133 0.88 -
karp_07245           -            528 Ank                  PF00023.34    33   1.1e-23   93.4  34.9   5   8   5.6e-12   6.1e-06   37.6   0.5     1    32   134   165   134   166 0.93 -
karp_07245           -            528 Ank                  PF00023.34    33   1.1e-23   93.4  34.9   6   8     0.019   2.1e+04    7.7   0.0     3    32   167   199   165   200 0.72 -
karp_07245           -            528 Ank                  PF00023.34    33   1.1e-23   93.4  34.9   7   8    0.0003   3.3e+02   13.4   1.5     1    33   201   255   201   255 0.69 -
karp_07245           -            528 Ank                  PF00023.34    33   1.1e-23   93.4  34.9   8   8    0.0015   1.6e+03   11.2   0.1     1    22   256   279   256   285 0.84 -
karp_06480           -            214 Ank                  PF00023.34    33   1.5e-23   92.9   9.1   1   6      0.23   2.5e+05    4.3   0.0     6    32    11    35    10    37 0.83 -
karp_06480           -            214 Ank                  PF00023.34    33   1.5e-23   92.9   9.1   2   6   4.3e-08     0.046   25.5   0.2     1    33    40    72    40    72 0.94 -
karp_06480           -            214 Ank                  PF00023.34    33   1.5e-23   92.9   9.1   3   6    0.0017   1.8e+03   11.0   2.5     1    33    73   118    73   118 0.73 -
karp_06480           -            214 Ank                  PF00023.34    33   1.5e-23   92.9   9.1   4   6    0.0077   8.3e+03    9.0   0.0     1    24   119   142   119   150 0.75 -
karp_06480           -            214 Ank                  PF00023.34    33   1.5e-23   92.9   9.1   5   6   1.1e-09    0.0012   30.5   0.0     2    33   154   185   153   185 0.92 -
karp_06480           -            214 Ank                  PF00023.34    33   1.5e-23   92.9   9.1   6   6    0.0059   6.4e+03    9.3   0.0     1    23   186   208   186   212 0.90 -
karp_02480           -            214 Ank                  PF00023.34    33   1.6e-23   92.8   7.8   1   6      0.34   3.6e+05    3.8   0.0     6    25    11    30    10    39 0.78 -
karp_02480           -            214 Ank                  PF00023.34    33   1.6e-23   92.8   7.8   2   6   7.7e-09    0.0083   27.8   0.2     1    33    40    72    40    72 0.96 -
karp_02480           -            214 Ank                  PF00023.34    33   1.6e-23   92.8   7.8   3   6    0.0015   1.7e+03   11.1   2.3     1    33    73   118    73   118 0.73 -
karp_02480           -            214 Ank                  PF00023.34    33   1.6e-23   92.8   7.8   4   6     0.022   2.3e+04    7.6   0.0     1    24   119   142   119   150 0.74 -
karp_02480           -            214 Ank                  PF00023.34    33   1.6e-23   92.8   7.8   5   6   1.1e-09    0.0011   30.5   0.0     2    33   154   185   153   185 0.92 -
karp_02480           -            214 Ank                  PF00023.34    33   1.6e-23   92.8   7.8   6   6     0.021   2.3e+04    7.6   0.0     1    21   186   206   186   209 0.92 -
karp_05365           -            214 Ank                  PF00023.34    33   1.6e-23   92.8   7.8   1   6      0.34   3.6e+05    3.8   0.0     6    25    11    30    10    39 0.78 -
karp_05365           -            214 Ank                  PF00023.34    33   1.6e-23   92.8   7.8   2   6   7.7e-09    0.0083   27.8   0.2     1    33    40    72    40    72 0.96 -
karp_05365           -            214 Ank                  PF00023.34    33   1.6e-23   92.8   7.8   3   6    0.0015   1.7e+03   11.1   2.3     1    33    73   118    73   118 0.73 -
karp_05365           -            214 Ank                  PF00023.34    33   1.6e-23   92.8   7.8   4   6     0.022   2.3e+04    7.6   0.0     1    24   119   142   119   150 0.74 -
karp_05365           -            214 Ank                  PF00023.34    33   1.6e-23   92.8   7.8   5   6   1.1e-09    0.0011   30.5   0.0     2    33   154   185   153   185 0.92 -
karp_05365           -            214 Ank                  PF00023.34    33   1.6e-23   92.8   7.8   6   6     0.021   2.3e+04    7.6   0.0     1    21   186   206   186   209 0.92 -
karp_07705           -            214 Ank                  PF00023.34    33   1.9e-23   92.6   7.5   1   6      0.34   3.6e+05    3.8   0.0     6    25    11    30    10    39 0.78 -
karp_07705           -            214 Ank                  PF00023.34    33   1.9e-23   92.6   7.5   2   6     8e-09    0.0086   27.8   0.1     1    33    40    72    40    72 0.96 -
karp_07705           -            214 Ank                  PF00023.34    33   1.9e-23   92.6   7.5   3   6    0.0015   1.7e+03   11.1   2.3     1    33    73   118    73   118 0.73 -
karp_07705           -            214 Ank                  PF00023.34    33   1.9e-23   92.6   7.5   4   6     0.027   2.9e+04    7.3   0.0     1    24   119   142   119   151 0.74 -
karp_07705           -            214 Ank                  PF00023.34    33   1.9e-23   92.6   7.5   5   6   1.1e-09    0.0012   30.5   0.0     2    33   154   185   153   185 0.92 -
karp_07705           -            214 Ank                  PF00023.34    33   1.9e-23   92.6   7.5   6   6     0.021   2.3e+04    7.6   0.0     1    21   186   206   186   209 0.92 -
karp_12290           -            214 Ank                  PF00023.34    33   2.9e-23   92.0   8.0   1   6      0.34   3.6e+05    3.8   0.0     6    25    11    30    10    39 0.78 -
karp_12290           -            214 Ank                  PF00023.34    33   2.9e-23   92.0   8.0   2   6   7.7e-09    0.0083   27.8   0.2     1    33    40    72    40    72 0.96 -
karp_12290           -            214 Ank                  PF00023.34    33   2.9e-23   92.0   8.0   3   6    0.0015   1.7e+03   11.1   2.3     1    33    73   118    73   118 0.73 -
karp_12290           -            214 Ank                  PF00023.34    33   2.9e-23   92.0   8.0   4   6     0.032   3.4e+04    7.0   0.0     1    24   119   142   119   150 0.74 -
karp_12290           -            214 Ank                  PF00023.34    33   2.9e-23   92.0   8.0   5   6   1.1e-09    0.0012   30.5   0.0     2    33   154   185   153   185 0.92 -
karp_12290           -            214 Ank                  PF00023.34    33   2.9e-23   92.0   8.0   6   6     0.021   2.3e+04    7.6   0.0     1    21   186   206   186   209 0.92 -
karp_04800           -            214 Ank                  PF00023.34    33   3.1e-23   91.9   8.7   1   6      0.23   2.5e+05    4.3   0.0     6    32    11    35    10    37 0.83 -
karp_04800           -            214 Ank                  PF00023.34    33   3.1e-23   91.9   8.7   2   6   4.3e-08     0.046   25.5   0.2     1    33    40    72    40    72 0.94 -
karp_04800           -            214 Ank                  PF00023.34    33   3.1e-23   91.9   8.7   3   6    0.0017   1.8e+03   11.0   2.5     1    33    73   118    73   118 0.73 -
karp_04800           -            214 Ank                  PF00023.34    33   3.1e-23   91.9   8.7   4   6     0.022   2.3e+04    7.6   0.0     1    24   119   142   119   150 0.74 -
karp_04800           -            214 Ank                  PF00023.34    33   3.1e-23   91.9   8.7   5   6   1.1e-09    0.0012   30.5   0.0     2    33   154   185   153   185 0.92 -
karp_04800           -            214 Ank                  PF00023.34    33   3.1e-23   91.9   8.7   6   6    0.0059   6.4e+03    9.3   0.0     1    23   186   208   186   212 0.90 -
karp_08480           -            214 Ank                  PF00023.34    33   3.1e-23   91.9   8.7   1   6      0.23   2.5e+05    4.3   0.0     6    32    11    35    10    37 0.83 -
karp_08480           -            214 Ank                  PF00023.34    33   3.1e-23   91.9   8.7   2   6   4.3e-08     0.046   25.5   0.2     1    33    40    72    40    72 0.94 -
karp_08480           -            214 Ank                  PF00023.34    33   3.1e-23   91.9   8.7   3   6    0.0017   1.8e+03   11.0   2.5     1    33    73   118    73   118 0.73 -
karp_08480           -            214 Ank                  PF00023.34    33   3.1e-23   91.9   8.7   4   6     0.022   2.3e+04    7.6   0.0     1    24   119   142   119   150 0.74 -
karp_08480           -            214 Ank                  PF00023.34    33   3.1e-23   91.9   8.7   5   6   1.1e-09    0.0012   30.5   0.0     2    33   154   185   153   185 0.92 -
karp_08480           -            214 Ank                  PF00023.34    33   3.1e-23   91.9   8.7   6   6    0.0059   6.4e+03    9.3   0.0     1    23   186   208   186   212 0.90 -
karp_12790           -            214 Ank                  PF00023.34    33   3.1e-23   91.9   8.7   1   6      0.23   2.5e+05    4.3   0.0     6    32    11    35    10    37 0.83 -
karp_12790           -            214 Ank                  PF00023.34    33   3.1e-23   91.9   8.7   2   6   4.3e-08     0.046   25.5   0.2     1    33    40    72    40    72 0.94 -
karp_12790           -            214 Ank                  PF00023.34    33   3.1e-23   91.9   8.7   3   6    0.0017   1.8e+03   11.0   2.5     1    33    73   118    73   118 0.73 -
karp_12790           -            214 Ank                  PF00023.34    33   3.1e-23   91.9   8.7   4   6     0.022   2.3e+04    7.6   0.0     1    24   119   142   119   150 0.74 -
karp_12790           -            214 Ank                  PF00023.34    33   3.1e-23   91.9   8.7   5   6   1.1e-09    0.0012   30.5   0.0     2    33   154   185   153   185 0.92 -
karp_12790           -            214 Ank                  PF00023.34    33   3.1e-23   91.9   8.7   6   6    0.0059   6.4e+03    9.3   0.0     1    23   186   208   186   212 0.90 -
karp_07110           -            214 Ank                  PF00023.34    33   8.9e-23   90.5   9.9   1   6      0.23   2.5e+05    4.3   0.0     6    32    11    35    10    37 0.83 -
karp_07110           -            214 Ank                  PF00023.34    33   8.9e-23   90.5   9.9   2   6   4.3e-08     0.046   25.5   0.2     1    33    40    72    40    72 0.94 -
karp_07110           -            214 Ank                  PF00023.34    33   8.9e-23   90.5   9.9   3   6    0.0017   1.8e+03   11.0   2.5     1    33    73   118    73   118 0.73 -
karp_07110           -            214 Ank                  PF00023.34    33   8.9e-23   90.5   9.9   4   6    0.0077   8.3e+03    9.0   0.0     1    24   119   142   119   150 0.75 -
karp_07110           -            214 Ank                  PF00023.34    33   8.9e-23   90.5   9.9   5   6   1.1e-09    0.0012   30.5   0.0     2    33   154   185   153   185 0.92 -
karp_07110           -            214 Ank                  PF00023.34    33   8.9e-23   90.5   9.9   6   6     0.021   2.3e+04    7.6   0.0     1    21   186   206   186   209 0.92 -
karp_09135           -            214 Ank                  PF00023.34    33   8.9e-23   90.5   9.9   1   6      0.23   2.5e+05    4.3   0.0     6    32    11    35    10    37 0.83 -
karp_09135           -            214 Ank                  PF00023.34    33   8.9e-23   90.5   9.9   2   6   4.3e-08     0.046   25.5   0.2     1    33    40    72    40    72 0.94 -
karp_09135           -            214 Ank                  PF00023.34    33   8.9e-23   90.5   9.9   3   6    0.0017   1.8e+03   11.0   2.5     1    33    73   118    73   118 0.73 -
karp_09135           -            214 Ank                  PF00023.34    33   8.9e-23   90.5   9.9   4   6    0.0077   8.3e+03    9.0   0.0     1    24   119   142   119   150 0.75 -
karp_09135           -            214 Ank                  PF00023.34    33   8.9e-23   90.5   9.9   5   6   1.1e-09    0.0012   30.5   0.0     2    33   154   185   153   185 0.92 -
karp_09135           -            214 Ank                  PF00023.34    33   8.9e-23   90.5   9.9   6   6     0.021   2.3e+04    7.6   0.0     1    21   186   206   186   209 0.92 -
karp_00795           -            214 Ank                  PF00023.34    33   9.3e-23   90.4   9.3   1   6      0.23   2.5e+05    4.3   0.0     6    32    11    35    10    37 0.83 -
karp_00795           -            214 Ank                  PF00023.34    33   9.3e-23   90.4   9.3   2   6   7.7e-09    0.0083   27.8   0.2     1    33    40    72    40    72 0.96 -
karp_00795           -            214 Ank                  PF00023.34    33   9.3e-23   90.4   9.3   3   6    0.0017   1.8e+03   11.1   2.5     1    33    73   118    73   118 0.72 -
karp_00795           -            214 Ank                  PF00023.34    33   9.3e-23   90.4   9.3   4   6     0.061   6.6e+04    6.1   0.0     1    24   119   142   119   150 0.74 -
karp_00795           -            214 Ank                  PF00023.34    33   9.3e-23   90.4   9.3   5   6   1.1e-09    0.0012   30.5   0.0     2    33   154   185   153   185 0.92 -
karp_00795           -            214 Ank                  PF00023.34    33   9.3e-23   90.4   9.3   6   6     0.025   2.7e+04    7.4   0.0     1    21   186   206   186   209 0.92 -
karp_02595           -            214 Ank                  PF00023.34    33   1.6e-22   89.7   9.3   1   6      0.23   2.5e+05    4.3   0.0     6    32    11    35    10    37 0.83 -
karp_02595           -            214 Ank                  PF00023.34    33   1.6e-22   89.7   9.3   2   6   4.3e-08     0.046   25.5   0.2     1    33    40    72    40    72 0.94 -
karp_02595           -            214 Ank                  PF00023.34    33   1.6e-22   89.7   9.3   3   6    0.0017   1.8e+03   11.0   2.5     1    33    73   118    73   118 0.73 -
karp_02595           -            214 Ank                  PF00023.34    33   1.6e-22   89.7   9.3   4   6     0.022   2.3e+04    7.6   0.0     1    24   119   142   119   150 0.74 -
karp_02595           -            214 Ank                  PF00023.34    33   1.6e-22   89.7   9.3   5   6   1.1e-09    0.0011   30.5   0.0     2    33   154   185   153   185 0.92 -
karp_02595           -            214 Ank                  PF00023.34    33   1.6e-22   89.7   9.3   6   6     0.021   2.3e+04    7.6   0.0     1    21   186   206   186   209 0.92 -
karp_03860           -            214 Ank                  PF00023.34    33   1.6e-22   89.7   9.3   1   6      0.23   2.5e+05    4.3   0.0     6    32    11    35    10    37 0.83 -
karp_03860           -            214 Ank                  PF00023.34    33   1.6e-22   89.7   9.3   2   6   4.3e-08     0.046   25.5   0.2     1    33    40    72    40    72 0.94 -
karp_03860           -            214 Ank                  PF00023.34    33   1.6e-22   89.7   9.3   3   6    0.0017   1.8e+03   11.0   2.5     1    33    73   118    73   118 0.73 -
karp_03860           -            214 Ank                  PF00023.34    33   1.6e-22   89.7   9.3   4   6     0.022   2.3e+04    7.6   0.0     1    24   119   142   119   150 0.74 -
karp_03860           -            214 Ank                  PF00023.34    33   1.6e-22   89.7   9.3   5   6   1.1e-09    0.0011   30.5   0.0     2    33   154   185   153   185 0.92 -
karp_03860           -            214 Ank                  PF00023.34    33   1.6e-22   89.7   9.3   6   6     0.021   2.3e+04    7.6   0.0     1    21   186   206   186   209 0.92 -
karp_10840           -            214 Ank                  PF00023.34    33   2.1e-22   89.3   8.8   1   6      0.23   2.5e+05    4.3   0.0     6    32    11    35    10    37 0.83 -
karp_10840           -            214 Ank                  PF00023.34    33   2.1e-22   89.3   8.8   2   6   4.3e-08     0.046   25.5   0.2     1    33    40    72    40    72 0.94 -
karp_10840           -            214 Ank                  PF00023.34    33   2.1e-22   89.3   8.8   3   6    0.0017   1.8e+03   11.0   2.5     1    33    73   118    73   118 0.73 -
karp_10840           -            214 Ank                  PF00023.34    33   2.1e-22   89.3   8.8   4   6     0.022   2.3e+04    7.6   0.0     1    24   119   142   119   150 0.74 -
karp_10840           -            214 Ank                  PF00023.34    33   2.1e-22   89.3   8.8   5   6   2.2e-09    0.0024   29.5   0.0     2    33   154   185   153   185 0.92 -
karp_10840           -            214 Ank                  PF00023.34    33   2.1e-22   89.3   8.8   6   6     0.018   1.9e+04    7.8   0.0     1    22   186   207   186   212 0.90 -
karp_00550           -            209 Ank                  PF00023.34    33   4.9e-22   88.2   7.2   1   5     1e-08     0.011   27.4   0.1     1    33    35    67    35    67 0.96 -
karp_00550           -            209 Ank                  PF00023.34    33   4.9e-22   88.2   7.2   2   5    0.0013   1.4e+03   11.4   2.3     1    33    68   113    68   113 0.73 -
karp_00550           -            209 Ank                  PF00023.34    33   4.9e-22   88.2   7.2   3   5     0.021   2.3e+04    7.6   0.0     1    24   114   137   114   145 0.74 -
karp_00550           -            209 Ank                  PF00023.34    33   4.9e-22   88.2   7.2   4   5     1e-09    0.0011   30.5   0.0     2    33   149   180   148   180 0.92 -
karp_00550           -            209 Ank                  PF00023.34    33   4.9e-22   88.2   7.2   5   5     0.017   1.9e+04    7.9   0.0     1    22   181   202   181   207 0.90 -
karp_04895           -            209 Ank                  PF00023.34    33   4.9e-22   88.2   7.2   1   5     1e-08     0.011   27.4   0.1     1    33    35    67    35    67 0.96 -
karp_04895           -            209 Ank                  PF00023.34    33   4.9e-22   88.2   7.2   2   5    0.0013   1.4e+03   11.4   2.3     1    33    68   113    68   113 0.73 -
karp_04895           -            209 Ank                  PF00023.34    33   4.9e-22   88.2   7.2   3   5     0.021   2.3e+04    7.6   0.0     1    24   114   137   114   145 0.74 -
karp_04895           -            209 Ank                  PF00023.34    33   4.9e-22   88.2   7.2   4   5     1e-09    0.0011   30.5   0.0     2    33   149   180   148   180 0.92 -
karp_04895           -            209 Ank                  PF00023.34    33   4.9e-22   88.2   7.2   5   5     0.017   1.9e+04    7.9   0.0     1    22   181   202   181   207 0.90 -
karp_08120           -            209 Ank                  PF00023.34    33   4.9e-22   88.2   7.2   1   5     1e-08     0.011   27.4   0.1     1    33    35    67    35    67 0.96 -
karp_08120           -            209 Ank                  PF00023.34    33   4.9e-22   88.2   7.2   2   5    0.0013   1.4e+03   11.4   2.3     1    33    68   113    68   113 0.73 -
karp_08120           -            209 Ank                  PF00023.34    33   4.9e-22   88.2   7.2   3   5     0.021   2.3e+04    7.6   0.0     1    24   114   137   114   145 0.74 -
karp_08120           -            209 Ank                  PF00023.34    33   4.9e-22   88.2   7.2   4   5     1e-09    0.0011   30.5   0.0     2    33   149   180   148   180 0.92 -
karp_08120           -            209 Ank                  PF00023.34    33   4.9e-22   88.2   7.2   5   5     0.017   1.9e+04    7.9   0.0     1    22   181   202   181   207 0.90 -
karp_10225           -            209 Ank                  PF00023.34    33   4.9e-22   88.2   7.2   1   5     1e-08     0.011   27.4   0.1     1    33    35    67    35    67 0.96 -
karp_10225           -            209 Ank                  PF00023.34    33   4.9e-22   88.2   7.2   2   5    0.0013   1.4e+03   11.4   2.3     1    33    68   113    68   113 0.73 -
karp_10225           -            209 Ank                  PF00023.34    33   4.9e-22   88.2   7.2   3   5     0.021   2.3e+04    7.6   0.0     1    24   114   137   114   145 0.74 -
karp_10225           -            209 Ank                  PF00023.34    33   4.9e-22   88.2   7.2   4   5     1e-09    0.0011   30.5   0.0     2    33   149   180   148   180 0.92 -
karp_10225           -            209 Ank                  PF00023.34    33   4.9e-22   88.2   7.2   5   5     0.017   1.9e+04    7.9   0.0     1    22   181   202   181   207 0.90 -
karp_11630           -            209 Ank                  PF00023.34    33   4.9e-22   88.2   7.2   1   5     1e-08     0.011   27.4   0.1     1    33    35    67    35    67 0.96 -
karp_11630           -            209 Ank                  PF00023.34    33   4.9e-22   88.2   7.2   2   5    0.0013   1.4e+03   11.4   2.3     1    33    68   113    68   113 0.73 -
karp_11630           -            209 Ank                  PF00023.34    33   4.9e-22   88.2   7.2   3   5     0.021   2.3e+04    7.6   0.0     1    24   114   137   114   145 0.74 -
karp_11630           -            209 Ank                  PF00023.34    33   4.9e-22   88.2   7.2   4   5     1e-09    0.0011   30.5   0.0     2    33   149   180   148   180 0.92 -
karp_11630           -            209 Ank                  PF00023.34    33   4.9e-22   88.2   7.2   5   5     0.017   1.9e+04    7.9   0.0     1    22   181   202   181   207 0.90 -
karp_11860           -            209 Ank                  PF00023.34    33   4.9e-22   88.2   7.2   1   5     1e-08     0.011   27.4   0.1     1    33    35    67    35    67 0.96 -
karp_11860           -            209 Ank                  PF00023.34    33   4.9e-22   88.2   7.2   2   5    0.0013   1.4e+03   11.4   2.3     1    33    68   113    68   113 0.73 -
karp_11860           -            209 Ank                  PF00023.34    33   4.9e-22   88.2   7.2   3   5     0.021   2.3e+04    7.6   0.0     1    24   114   137   114   145 0.74 -
karp_11860           -            209 Ank                  PF00023.34    33   4.9e-22   88.2   7.2   4   5     1e-09    0.0011   30.5   0.0     2    33   149   180   148   180 0.92 -
karp_11860           -            209 Ank                  PF00023.34    33   4.9e-22   88.2   7.2   5   5     0.017   1.9e+04    7.9   0.0     1    22   181   202   181   207 0.90 -
karp_00165           -            209 Ank                  PF00023.34    33   6.9e-22   87.7   7.4   1   5     1e-08     0.011   27.4   0.1     1    33    35    67    35    67 0.96 -
karp_00165           -            209 Ank                  PF00023.34    33   6.9e-22   87.7   7.4   2   5    0.0013   1.4e+03   11.4   2.0     1    33    68   113    68   113 0.78 -
karp_00165           -            209 Ank                  PF00023.34    33   6.9e-22   87.7   7.4   3   5     0.021   2.3e+04    7.6   0.0     1    24   114   137   114   145 0.74 -
karp_00165           -            209 Ank                  PF00023.34    33   6.9e-22   87.7   7.4   4   5     1e-09    0.0011   30.5   0.0     2    33   149   180   148   180 0.92 -
karp_00165           -            209 Ank                  PF00023.34    33   6.9e-22   87.7   7.4   5   5     0.021   2.2e+04    7.6   0.0     1    21   181   201   181   204 0.92 -
karp_07425           -            209 Ank                  PF00023.34    33   8.8e-22   87.4   7.8   1   5     1e-08     0.011   27.4   0.1     1    33    35    67    35    67 0.96 -
karp_07425           -            209 Ank                  PF00023.34    33   8.8e-22   87.4   7.8   2   5    0.0016   1.7e+03   11.1   2.4     1    33    68   113    68   113 0.73 -
karp_07425           -            209 Ank                  PF00023.34    33   8.8e-22   87.4   7.8   3   5     0.021   2.3e+04    7.6   0.0     1    24   114   137   114   145 0.74 -
karp_07425           -            209 Ank                  PF00023.34    33   8.8e-22   87.4   7.8   4   5     1e-09    0.0011   30.6   0.0     2    33   149   180   148   180 0.92 -
karp_07425           -            209 Ank                  PF00023.34    33   8.8e-22   87.4   7.8   5   5     0.021   2.2e+04    7.6   0.0     1    21   181   201   181   204 0.92 -
karp_09025           -            214 Ank                  PF00023.34    33   2.8e-21   85.8   8.9   1   5     8e-09    0.0086   27.8   0.1     1    33    40    72    40    72 0.96 -
karp_09025           -            214 Ank                  PF00023.34    33   2.8e-21   85.8   8.9   2   5    0.0017   1.8e+03   11.0   2.5     1    33    73   118    73   118 0.73 -
karp_09025           -            214 Ank                  PF00023.34    33   2.8e-21   85.8   8.9   3   5     0.061   6.6e+04    6.1   0.0     1    24   119   142   119   150 0.74 -
karp_09025           -            214 Ank                  PF00023.34    33   2.8e-21   85.8   8.9   4   5   1.1e-09    0.0012   30.5   0.0     2    33   154   185   153   185 0.92 -
karp_09025           -            214 Ank                  PF00023.34    33   2.8e-21   85.8   8.9   5   5     0.021   2.3e+04    7.6   0.0     1    21   186   206   186   209 0.92 -
karp_09760           -            214 Ank                  PF00023.34    33   2.8e-21   85.8   8.9   1   5     8e-09    0.0086   27.8   0.1     1    33    40    72    40    72 0.96 -
karp_09760           -            214 Ank                  PF00023.34    33   2.8e-21   85.8   8.9   2   5    0.0017   1.8e+03   11.0   2.5     1    33    73   118    73   118 0.73 -
karp_09760           -            214 Ank                  PF00023.34    33   2.8e-21   85.8   8.9   3   5     0.061   6.6e+04    6.1   0.0     1    24   119   142   119   150 0.74 -
karp_09760           -            214 Ank                  PF00023.34    33   2.8e-21   85.8   8.9   4   5   1.1e-09    0.0012   30.5   0.0     2    33   154   185   153   185 0.92 -
karp_09760           -            214 Ank                  PF00023.34    33   2.8e-21   85.8   8.9   5   5     0.021   2.3e+04    7.6   0.0     1    21   186   206   186   209 0.92 -
karp_12605           -            168 Ank                  PF00023.34    33   2.4e-19   79.7   8.6   1   5     6e-06       6.5   18.7   0.2     9    33     2    26     1    26 0.91 -
karp_12605           -            168 Ank                  PF00023.34    33   2.4e-19   79.7   8.6   2   5    0.0011   1.2e+03   11.6   2.5     1    33    27    72    27    72 0.73 -
karp_12605           -            168 Ank                  PF00023.34    33   2.4e-19   79.7   8.6   3   5     0.057   6.1e+04    6.2   0.0     1    16    73    88    73   104 0.72 -
karp_12605           -            168 Ank                  PF00023.34    33   2.4e-19   79.7   8.6   4   5   7.3e-10   0.00079   31.0   0.0     2    33   108   139   107   139 0.92 -
karp_12605           -            168 Ank                  PF00023.34    33   2.4e-19   79.7   8.6   5   5    0.0042   4.5e+03    9.8   0.0     1    23   140   162   140   166 0.90 -
karp_00390           -            329 Ank                  PF00023.34    33   4.3e-19   78.9   8.6   1   4   2.8e-08      0.03   26.0   0.1     4    32    26    54    23    55 0.92 -
karp_00390           -            329 Ank                  PF00023.34    33   4.3e-19   78.9   8.6   2   4   6.1e-10   0.00066   31.3   0.2     2    32    57    87    56    88 0.92 -
karp_00390           -            329 Ank                  PF00023.34    33   4.3e-19   78.9   8.6   3   4   3.3e-07      0.36   22.7   0.1     3    32    91   120    89   121 0.94 -
karp_00390           -            329 Ank                  PF00023.34    33   4.3e-19   78.9   8.6   4   4       3.1   3.4e+06    0.8   0.0    12    22   139   149   134   159 0.82 -
karp_09205           -            329 Ank                  PF00023.34    33   4.6e-19   78.8   8.6   1   4   2.8e-08      0.03   26.0   0.1     4    32    26    54    23    55 0.92 -
karp_09205           -            329 Ank                  PF00023.34    33   4.6e-19   78.8   8.6   2   4   6.1e-10   0.00066   31.3   0.2     2    32    57    87    56    88 0.92 -
karp_09205           -            329 Ank                  PF00023.34    33   4.6e-19   78.8   8.6   3   4   3.3e-07      0.36   22.7   0.1     3    32    91   120    89   121 0.94 -
karp_09205           -            329 Ank                  PF00023.34    33   4.6e-19   78.8   8.6   4   4       3.1   3.4e+06    0.8   0.0    12    22   139   149   134   159 0.82 -
karp_01295           -            329 Ank                  PF00023.34    33   6.7e-18   75.2  10.7   1   3   4.2e-08     0.045   25.5   0.9     3    32    25    54    24    55 0.94 -
karp_01295           -            329 Ank                  PF00023.34    33   6.7e-18   75.2  10.7   2   3   9.8e-09     0.011   27.5   0.2     2    32    57    87    56    88 0.91 -
karp_01295           -            329 Ank                  PF00023.34    33   6.7e-18   75.2  10.7   3   3   3.7e-08     0.039   25.7   0.0     4    31    92   119    90   121 0.93 -
karp_05035           -            329 Ank                  PF00023.34    33   6.7e-18   75.2  10.7   1   3   4.2e-08     0.045   25.5   0.9     3    32    25    54    24    55 0.94 -
karp_05035           -            329 Ank                  PF00023.34    33   6.7e-18   75.2  10.7   2   3   9.8e-09     0.011   27.5   0.2     2    32    57    87    56    88 0.91 -
karp_05035           -            329 Ank                  PF00023.34    33   6.7e-18   75.2  10.7   3   3   3.7e-08     0.039   25.7   0.0     4    31    92   119    90   121 0.93 -
karp_00310           -            242 Ank                  PF00023.34    33     9e-18   74.8   5.6   1   4   8.2e-06       8.8   18.3   0.1     4    31    40    67    38    68 0.91 -
karp_00310           -            242 Ank                  PF00023.34    33     9e-18   74.8   5.6   2   4   2.4e-08     0.026   26.2   0.1     2    32    70   100    69   101 0.93 -
karp_00310           -            242 Ank                  PF00023.34    33     9e-18   74.8   5.6   3   4   1.9e-09    0.0021   29.7   0.1     3    33   104   132   102   132 0.87 -
karp_00310           -            242 Ank                  PF00023.34    33     9e-18   74.8   5.6   4   4       6.6   7.1e+06   -0.2   0.0     4    18   136   150   134   155 0.75 -
karp_06950           -            328 Ank                  PF00023.34    33   2.7e-17   73.3  12.1   1   4   1.2e-07      0.13   24.0   0.0     4    32    26    54    24    55 0.92 -
karp_06950           -            328 Ank                  PF00023.34    33   2.7e-17   73.3  12.1   2   4   3.4e-11   3.7e-05   35.2   0.7     2    33    57    88    56    88 0.94 -
karp_06950           -            328 Ank                  PF00023.34    33   2.7e-17   73.3  12.1   3   4   8.5e-06       9.2   18.2   0.0     2    31    90   119    89   121 0.91 -
karp_06950           -            328 Ank                  PF00023.34    33   2.7e-17   73.3  12.1   4   4       5.1   5.5e+06    0.1   0.1    14    23   141   150   141   159 0.80 -
karp_02025           -            298 Ank                  PF00023.34    33   6.9e-15   65.7   3.7   1   4   1.8e-05        20   17.2   0.1    13    32     4    23     2    24 0.91 -
karp_02025           -            298 Ank                  PF00023.34    33   6.9e-15   65.7   3.7   2   4    0.0002   2.2e+02   13.9   0.0     5    30    29    53    26    55 0.90 -
karp_02025           -            298 Ank                  PF00023.34    33   6.9e-15   65.7   3.7   3   4     2e-08     0.022   26.5   0.1     4    32    60    88    58    89 0.92 -
karp_02025           -            298 Ank                  PF00023.34    33   6.9e-15   65.7   3.7   4   4      0.11   1.2e+05    5.4   0.0     2    22    91   113    90   121 0.86 -
karp_04320           -            133 Ank                  PF00023.34    33   4.3e-10   50.7   5.0   1   2   2.8e-07       0.3   22.9   0.1     2    32    15    46    14    47 0.82 -
karp_04320           -            133 Ank                  PF00023.34    33   4.3e-10   50.7   5.0   2   2     5e-09    0.0054   28.4   0.6     1    27    48    73    48    81 0.82 -
karp_11735           -            295 Ank                  PF00023.34    33     4e-08   44.5   7.0   1   5   3.9e-05        42   16.2   0.0     2    23    31    52    30    64 0.83 -
karp_11735           -            295 Ank                  PF00023.34    33     4e-08   44.5   7.0   2   5       0.2   2.2e+05    4.5   0.0     1    12    68    79    68    90 0.84 -
karp_11735           -            295 Ank                  PF00023.34    33     4e-08   44.5   7.0   3   5     0.032   3.5e+04    7.0   0.1    15    33   107   125   101   125 0.88 -
karp_11735           -            295 Ank                  PF00023.34    33     4e-08   44.5   7.0   4   5    0.0037     4e+03   10.0   0.3     1    11   126   138   126   181 0.75 -
karp_11735           -            295 Ank                  PF00023.34    33     4e-08   44.5   7.0   5   5      0.37     4e+05    3.7   0.1     1    21   182   204   182   210 0.83 -
karp_10105           -            267 Ank                  PF00023.34    33   5.5e-08   44.1   4.8   1   4    0.0041   4.4e+03    9.8   0.7     9    32    13    36    10    40 0.75 -
karp_10105           -            267 Ank                  PF00023.34    33   5.5e-08   44.1   4.8   2   4      0.59   6.4e+05    3.0   0.0     1    11    41    51    41    61 0.75 -
karp_10105           -            267 Ank                  PF00023.34    33   5.5e-08   44.1   4.8   3   4   3.4e-05        36   16.4   0.0    13    33    76    96    67    96 0.89 -
karp_10105           -            267 Ank                  PF00023.34    33   5.5e-08   44.1   4.8   4   4   0.00085   9.2e+02   12.0   0.0     1    12    97   108    97   125 0.82 -
karp_00975           -            296 Ank                  PF00023.34    33   6.4e-08   43.8   7.6   1   5   3.9e-05        42   16.2   0.0     2    23    31    52    30    64 0.83 -
karp_00975           -            296 Ank                  PF00023.34    33   6.4e-08   43.8   7.6   2   5      0.21   2.2e+05    4.5   0.0     1    12    68    79    68    90 0.84 -
karp_00975           -            296 Ank                  PF00023.34    33   6.4e-08   43.8   7.6   3   5     0.031   3.3e+04    7.1   0.1    15    33   107   125    98   125 0.88 -
karp_00975           -            296 Ank                  PF00023.34    33   6.4e-08   43.8   7.6   4   5    0.0037     4e+03   10.0   0.3     1    11   126   138   126   181 0.75 -
karp_00975           -            296 Ank                  PF00023.34    33   6.4e-08   43.8   7.6   5   5      0.37     4e+05    3.7   0.1     1    21   182   204   182   210 0.83 -
karp_08175           -            228 Ank                  PF00023.34    33   4.7e-06   38.0   3.9   1   4     2e-05        22   17.1   0.2     6    32    15    41    15    42 0.94 -
karp_08175           -            228 Ank                  PF00023.34    33   4.7e-06   38.0   3.9   2   4       2.2   2.4e+06    1.3   0.0    14    32    62    86    43    87 0.58 -
karp_08175           -            228 Ank                  PF00023.34    33   4.7e-06   38.0   3.9   3   4   0.00041   4.4e+02   13.0   0.1     6    32   137   163   137   164 0.92 -
karp_08175           -            228 Ank                  PF00023.34    33   4.7e-06   38.0   3.9   4   4      0.16   1.7e+05    4.8   0.0    13    33   192   209   166   209 0.87 -
karp_06585           -            255 Ank                  PF00023.34    33   2.7e-05   35.6   8.8   1   4      0.03   3.3e+04    7.1   0.2     9    32    14    39    10    40 0.73 -
karp_06585           -            255 Ank                  PF00023.34    33   2.7e-05   35.6   8.8   2   4   5.4e-05        59   15.7   1.5     1    33    41    98    41    98 0.70 -
karp_06585           -            255 Ank                  PF00023.34    33   2.7e-05   35.6   8.8   3   4    0.0031   3.3e+03   10.2   0.0     1    11    99   109    99   119 0.80 -
karp_06585           -            255 Ank                  PF00023.34    33   2.7e-05   35.6   8.8   4   4       3.1   3.4e+06    0.8   0.0     4    22   155   177   152   186 0.65 -
karp_10810           -            427 Ank                  PF00023.34    33    0.0011   30.5   0.1   1   3       0.7   7.6e+05    2.8   0.0    12    30   113   131   110   134 0.74 -
karp_10810           -            427 Ank                  PF00023.34    33    0.0011   30.5   0.1   2   3     0.012   1.3e+04    8.3   0.0     4    29   207   232   205   236 0.83 -
karp_10810           -            427 Ank                  PF00023.34    33    0.0011   30.5   0.1   3   3   0.00021   2.2e+02   13.9   0.0     4    26   245   267   244   276 0.91 -
karp_12590           -            661 Ank                  PF00023.34    33      0.47   22.3   0.2   1   3   9.5e-05     1e+02   15.0   0.0     2    32    43    73    42    74 0.91 -
karp_12590           -            661 Ank                  PF00023.34    33      0.47   22.3   0.2   2   3      0.96     1e+06    2.4   0.0     3    19    80    97    78   101 0.87 -
karp_12590           -            661 Ank                  PF00023.34    33      0.47   22.3   0.2   3   3       9.9   1.1e+07   -0.8   0.0     4    22   114   132   112   142 0.75 -
karp_01650           -            415 Ank                  PF00023.34    33        11   18.0   0.1   1   2       3.7   3.9e+06    0.6   0.0    13    29   222   238   216   240 0.80 -
karp_01650           -            415 Ank                  PF00023.34    33        11   18.0   0.1   2   2    0.0002   2.2e+02   13.9   0.0     4    28   251   275   249   281 0.87 -
karp_02075           -            106 Ank                  PF00023.34    33   2.3e+02   13.9   0.2   1   1   0.00088   9.5e+02   11.9   0.2     3    33    42    72    24    72 0.77 -
karp_06405           -            736 Ank                  PF00023.34    33   7.5e+02   12.3   0.2   1   1    0.0069   7.4e+03    9.1   0.0     3    33    42    72    40    72 0.73 -
#
# Program:         hmmsearch
# Version:         3.4 (Aug 2023)
# Pipeline mode:   SEARCH
# Query file:      ank_PF00023.hmm
# Target file:     karp.faa
# Option settings: hmmsearch --domtblout karp_ank_PF00023.txt -E 1000 -Z 75585367 ank_PF00023.hmm karp.faa 
# Current dir:     /mnt/c/Users/oakem/Orientia Biology Dropbox/Oakem Kyne/PC/Documents/230904_moru/240312_domain_identification/3_hmmer/2_hmmersearch
# Date:            Fri Mar 15 14:06:41 2024
# [ok]
